-4.232E-07
-4.232E-07
-3.552E-07
-3.552E-07
-3.896E-07
-3.896E-07
-4.232E-07
-4.576E-07
-3.216E-07
-4.232E-07
-4.92E-07
-3.896E-07
-3.896E-07
-2.872E-07
-3.552E-07
-3.896E-07
-4.232E-07
-3.216E-07
-4.576E-07
-4.232E-07
-4.576E-07
-3.896E-07
-3.896E-07
-3.552E-07
-3.552E-07
-2.872E-07
-3.896E-07
-3.896E-07
-4.576E-07
-3.896E-07
-4.92E-07
-5.6E-07
-4.232E-07
-4.92E-07
-5.256E-07
-4.232E-07
-4.232E-07
-4.232E-07
-4.232E-07
-3.896E-07
-3.896E-07
-2.872E-07
-2.192E-07
-3.552E-07
-3.216E-07
-3.216E-07
-3.552E-07
-2.192E-07
-2.872E-07
-2.872E-07
-2.872E-07
-3.216E-07
-3.552E-07
-2.872E-07
-3.552E-07
-4.232E-07
-3.552E-07
-4.232E-07
-2.528E-07
-3.216E-07
-2.872E-07
-3.552E-07
-3.216E-07
-3.552E-07
-3.552E-07
-3.552E-07
-3.896E-07
-3.552E-07
-4.232E-07
-3.552E-07
-4.92E-07
-3.896E-07
-4.232E-07
-4.232E-07
-3.216E-07
-3.552E-07
-3.896E-07
-2.528E-07
-3.216E-07
-3.216E-07
-2.872E-07
-2.872E-07
-3.896E-07
-4.232E-07
-3.552E-07
-3.552E-07
-2.872E-07
-2.872E-07
-2.528E-07
-2.872E-07
-3.216E-07
-3.552E-07
-3.216E-07
-2.872E-07
-2.528E-07
-2.872E-07
-2.872E-07
-3.552E-07
-2.528E-07
-3.552E-07
-2.528E-07
-3.896E-07
-3.896E-07
-4.576E-07
-4.92E-07
-4.92E-07
-4.92E-07
-4.92E-07
-5.944E-07
-3.896E-07
-4.576E-07
-4.232E-07
-3.552E-07
-3.896E-07
-3.552E-07
-4.232E-07
-3.552E-07
-4.92E-07
-4.576E-07
-4.232E-07
-3.216E-07
-4.576E-07
-2.872E-07
-2.528E-07
-2.872E-07
-3.216E-07
-2.192E-07
-1.848E-07
-2.192E-07
-2.528E-07
-1.168E-07
-1.848E-07
-1.848E-07
-2.872E-07
-2.192E-07
-2.872E-07
-2.872E-07
-3.216E-07
-3.896E-07
-3.216E-07
-3.216E-07
-4.232E-07
-3.896E-07
-3.896E-07
-3.896E-07
-5.6E-07
-4.232E-07
-3.216E-07
-4.92E-07
-4.232E-07
-4.232E-07
-3.896E-07
-3.552E-07
-4.232E-07
-4.92E-07
-3.896E-07
-3.216E-07
-3.552E-07
-3.216E-07
-2.528E-07
-2.192E-07
-1.504E-07
-1.848E-07
-8.24E-08
-2.192E-07
-1.848E-07
-1.504E-07
-1.408E-08
2E-08
-4.824E-08
2E-08
2E-08
-1.168E-07
2E-08
-1.168E-07
-8.24E-08
-1.504E-07
-1.504E-07
-1.504E-07
-1.848E-07
-2.528E-07
-3.896E-07
-2.528E-07
-3.208E-07
-3.896E-07
-3.552E-07
-4.576E-07
-3.896E-07
-4.232E-07
-4.232E-07
-4.232E-07
-4.232E-07
-4.232E-07
-3.552E-07
-2.872E-07
-2.872E-07
-1.504E-07
-2.528E-07
-1.848E-07
-1.848E-07
-1.168E-07
-2.192E-07
-1.504E-07
-1.848E-07
-2.528E-07
-1.504E-07
-2.192E-07
-1.504E-07
-1.168E-07
-8.24E-08
-1.504E-07
-1.504E-07
-1.168E-07
-1.168E-07
-1.168E-07
-8.24E-08
-1.848E-07
-2.192E-07
-2.192E-07
-1.168E-07
-2.192E-07
-2.528E-07
-1.848E-07
-2.528E-07
-2.192E-07
-2.528E-07
-2.192E-07
-2.528E-07
-2.528E-07
-2.872E-07
-2.528E-07
-1.848E-07
-2.192E-07
-2.528E-07
-8.24E-08
-1.504E-07
-1.504E-07
-1.848E-07
-1.504E-07
-8.24E-08
-1.504E-07
-1.504E-07
-1.504E-07
-1.168E-07
-1.168E-07
-1.168E-07
-4.816E-08
-8.24E-08
-4.816E-08
-1.168E-07
-1.168E-07
-4.816E-08
-8.24E-08
-1.848E-07
-8.24E-08
-1.848E-07
-2.528E-07
-1.848E-07
-1.848E-07
-2.528E-07
-2.528E-07
-3.208E-07
-2.872E-07
-2.872E-07
-3.208E-07
-3.552E-07
-2.872E-07
-2.184E-07
-2.528E-07
-1.848E-07
-2.528E-07
-2.184E-07
-1.848E-07
-1.848E-07
-1.168E-07
-1.168E-07
-8.24E-08
-1.408E-08
-8.24E-08
2.008E-08
-4.816E-08
2.008E-08
-4.816E-08
-8.24E-08
-1.408E-08
-1.408E-08
-4.816E-08
-8.24E-08
-4.816E-08
-1.168E-07
-1.504E-07
-1.168E-07
-1.848E-07
-1.504E-07
-1.848E-07
-2.872E-07
-1.504E-07
-1.504E-07
-2.184E-07
-1.168E-07
-1.848E-07
-1.848E-07
-1.504E-07
-1.504E-07
-1.848E-07
-1.848E-07
-2.872E-07
-1.848E-07
-2.528E-07
-2.528E-07
-2.528E-07
-2.184E-07
-2.528E-07
-1.848E-07
-2.184E-07
-2.528E-07
-2.184E-07
-2.184E-07
-1.504E-07
-1.16E-07
-4.816E-08
-1.4E-08
2.008E-08
-8.24E-08
-1.4E-08
5.424E-08
5.424E-08
-4.816E-08
-4.816E-08
-4.816E-08
-8.24E-08
-1.848E-07
-1.16E-07
-1.848E-07
-2.184E-07
-2.528E-07
-2.184E-07
-2.184E-07
-2.528E-07
-1.848E-07
-2.872E-07
-2.528E-07
-2.184E-07
-1.848E-07
-2.184E-07
-1.16E-07
-8.24E-08
-1.16E-07
-8.24E-08
5.424E-08
2.008E-08
2.008E-08
8.8E-08
-1.4E-08
8.8E-08
5.424E-08
2.016E-08
2.016E-08
8.8E-08
5.424E-08
8.8E-08
5.424E-08
5.424E-08
5.424E-08
-1.4E-08
2.016E-08
-1.4E-08
-4.808E-08
-1.4E-08
-1.16E-07
-4.808E-08
-4.808E-08
-8.24E-08
-1.504E-07
-2.528E-07
-1.16E-07
-2.184E-07
-2.528E-07
-1.504E-07
-1.848E-07
-1.504E-07
-1.504E-07
-1.16E-07
-4.808E-08
-4.808E-08
-8.24E-08
-8.24E-08
-8.24E-08
8.8E-08
-8.24E-08
5.424E-08
8.8E-08
-1.4E-08
5.424E-08
-1.4E-08
2.016E-08
2.016E-08
2.016E-08
-1.4E-08
-4.808E-08
5.432E-08
-1.392E-08
-1.392E-08
-4.808E-08
-1.392E-08
2.016E-08
-1.392E-08
-8.24E-08
-1.392E-08
-1.392E-08
-1.392E-08
-8.24E-08
-4.808E-08
-1.504E-07
-1.16E-07
-1.848E-07
-2.184E-07
-2.528E-07
-2.184E-07
-2.528E-07
-2.872E-07
-2.528E-07
-2.528E-07
-2.872E-07
-2.184E-07
-2.528E-07
-1.16E-07
-1.16E-07
-1.16E-07
-1.392E-08
-4.808E-08
2.016E-08
2.016E-08
-1.392E-08
5.432E-08
5.432E-08
-1.392E-08
2.016E-08
-8.24E-08
5.432E-08
2.016E-08
-8.24E-08
-8.24E-08
-1.16E-07
-1.392E-08
-8.24E-08
-8.24E-08
-8.24E-08
-8.24E-08
-1.16E-07
-8.24E-08
-8.24E-08
-1.16E-07
-8.24E-08
-1.504E-07
-1.16E-07
-1.504E-07
-1.16E-07
-8.24E-08
-8.24E-08
-8.24E-08
-4.8E-08
-1.392E-08
-1.392E-08
2.024E-08
2.024E-08
8.88E-08
5.432E-08
2.024E-08
1.224E-07
8.88E-08
1.224E-07
1.224E-07
5.432E-08
1.912E-07
8.88E-08
8.88E-08
1.568E-07
5.432E-08
-4.8E-08
2.024E-08
-4.8E-08
-1.392E-08
-8.24E-08
-8.24E-08
-1.392E-08
-1.16E-07
-1.504E-07
-1.848E-07
-8.24E-08
-1.848E-07
-1.848E-07
-1.848E-07
-1.848E-07
-1.504E-07
-2.528E-07
-2.184E-07
-8.24E-08
-8.24E-08
-1.384E-08
2.024E-08
8.88E-08
1.224E-07
1.568E-07
1.568E-07
2.248E-07
1.224E-07
1.912E-07
2.248E-07
1.568E-07
1.568E-07
1.568E-07
1.568E-07
5.44E-08
8.88E-08
2.024E-08
-8.24E-08
-1.384E-08
2.024E-08
-1.384E-08
-8.24E-08
-1.384E-08
-8.24E-08
-1.384E-08
-8.24E-08
-8.24E-08
-1.384E-08
2.024E-08
2.024E-08
5.44E-08
2.024E-08
8.88E-08
8.88E-08
2.024E-08
-1.384E-08
2.032E-08
2.032E-08
5.44E-08
8.88E-08
5.44E-08
2.032E-08
8.88E-08
-1.384E-08
1.224E-07
8.88E-08
1.224E-07
2.032E-08
1.568E-07
1.568E-07
2.032E-08
1.568E-07
5.44E-08
8.88E-08
-4.792E-08
5.44E-08
5.44E-08
5.44E-08
5.44E-08
-4.792E-08
5.44E-08
2.032E-08
8.88E-08
-4.792E-08
-1.384E-08
-4.792E-08
-8.24E-08
-8.24E-08
-8.24E-08
2.032E-08
2.032E-08
-1.384E-08
2.032E-08
-1.384E-08
-1.384E-08
-8.24E-08
5.448E-08
2.032E-08
2.032E-08
1.912E-07
1.224E-07
1.568E-07
8.88E-08
1.224E-07
1.568E-07
1.224E-07
2.592E-07
1.568E-07
1.568E-07
1.912E-07
2.248E-07
2.592E-07
2.248E-07
1.912E-07
1.568E-07
5.448E-08
1.224E-07
1.224E-07
5.448E-08
-1.376E-08
2.032E-08
5.448E-08
5.448E-08
1.224E-07
-1.376E-08
2.032E-08
2.032E-08
5.448E-08
2.04E-08
8.88E-08
2.04E-08
5.448E-08
1.224E-07
1.224E-07
8.88E-08
2.04E-08
8.88E-08
5.448E-08
1.224E-07
8.88E-08
1.224E-07
8.88E-08
1.568E-07
1.912E-07
1.912E-07
1.568E-07
1.568E-07
2.248E-07
1.224E-07
1.568E-07
1.912E-07
8.88E-08
1.568E-07
2.04E-08
1.568E-07
1.568E-07
5.448E-08
5.448E-08
2.04E-08
5.448E-08
-1.376E-08
1.224E-07
8.88E-08
1.224E-07
8.88E-08
8.88E-08
8.88E-08
2.04E-08
2.04E-08
-1.16E-07
-8.16E-08
-4.784E-08
-4.784E-08
-8.16E-08
2.04E-08
5.456E-08
8.88E-08
8.88E-08
8.88E-08
1.912E-07
2.936E-07
1.912E-07
1.568E-07
2.248E-07
1.912E-07
2.248E-07
2.592E-07
1.568E-07
1.568E-07
1.224E-07
8.88E-08
2.04E-08
8.88E-08
8.88E-08
1.568E-07
1.568E-07
2.248E-07
1.232E-07
1.568E-07
2.248E-07
5.456E-08
5.456E-08
-1.368E-08
-1.368E-08
-4.776E-08
2.048E-08
5.456E-08
5.456E-08
2.048E-08
2.048E-08
2.048E-08
2.048E-08
-1.368E-08
5.456E-08
1.232E-07
5.456E-08
1.568E-07
8.88E-08
8.88E-08
1.232E-07
1.232E-07
2.048E-08
2.048E-08
8.88E-08
8.88E-08
5.456E-08
5.456E-08
1.232E-07
-4.776E-08
5.456E-08
2.048E-08
8.88E-08
8.88E-08
8.88E-08
8.88E-08
8.88E-08
8.88E-08
5.464E-08
1.232E-07
1.232E-07
5.464E-08
5.464E-08
2.048E-08
2.048E-08
5.464E-08
-1.36E-08
-1.36E-08
5.464E-08
1.232E-07
1.232E-07
1.912E-07
1.232E-07
2.256E-07
2.256E-07
1.568E-07
1.912E-07
1.912E-07
1.568E-07
1.912E-07
1.912E-07
1.912E-07
2.592E-07
2.592E-07
2.592E-07
2.592E-07
2.592E-07
2.936E-07
2.592E-07
1.912E-07
1.912E-07
2.256E-07
2.592E-07
1.912E-07
2.256E-07
2.256E-07
1.568E-07
1.568E-07
1.912E-07
1.568E-07
8.88E-08
1.232E-07
8.88E-08
8.88E-08
5.464E-08
1.232E-07
8.88E-08
8.88E-08
8.88E-08
5.464E-08
1.912E-07
2.256E-07
1.568E-07
2.256E-07
1.912E-07
2.936E-07
2.256E-07
3.28E-07
3.616E-07
3.28E-07
3.616E-07
3.96E-07
3.28E-07
3.28E-07
2.936E-07
2.256E-07
3.28E-07
2.592E-07
2.936E-07
2.256E-07
1.912E-07
1.912E-07
2.256E-07
2.592E-07
2.256E-07
1.232E-07
1.912E-07
8.88E-08
5.472E-08
8.88E-08
8.88E-08
1.568E-07
1.232E-07
1.232E-07
1.232E-07
1.232E-07
8.88E-08
5.472E-08
1.568E-07
1.568E-07
1.232E-07
1.568E-07
1.568E-07
1.912E-07
1.912E-07
2.592E-07
2.592E-07
1.912E-07
3.28E-07
2.936E-07
3.28E-07
4.304E-07
3.96E-07
3.28E-07
2.936E-07
3.28E-07
2.936E-07
2.936E-07
2.592E-07
1.912E-07
2.592E-07
2.592E-07
2.256E-07
1.568E-07
2.592E-07
1.912E-07
1.912E-07
2.936E-07
2.256E-07
1.568E-07
3.28E-07
2.256E-07
2.592E-07
2.592E-07
2.256E-07
1.912E-07
1.568E-07
1.568E-07
1.912E-07
1.912E-07
2.592E-07
2.256E-07
2.592E-07
2.592E-07
4.64E-07
2.936E-07
3.96E-07
3.96E-07
4.304E-07
4.304E-07
3.96E-07
3.96E-07
3.616E-07
2.936E-07
2.592E-07
2.936E-07
2.256E-07
2.256E-07
3.28E-07
2.936E-07
3.28E-07
2.592E-07
2.936E-07
2.592E-07
2.592E-07
2.592E-07
2.936E-07
2.256E-07
1.576E-07
2.936E-07
1.912E-07
2.256E-07
1.576E-07
1.232E-07
2.592E-07
1.912E-07
1.232E-07
2.256E-07
2.256E-07
2.256E-07
2.256E-07
2.592E-07
2.592E-07
3.28E-07
3.96E-07
3.28E-07
3.616E-07
3.96E-07
3.28E-07
4.64E-07
4.64E-07
4.304E-07
3.616E-07
4.64E-07
3.96E-07
3.616E-07
3.28E-07
4.64E-07
3.616E-07
3.616E-07
4.304E-07
4.304E-07
4.984E-07
2.256E-07
2.936E-07
3.28E-07
2.256E-07
2.936E-07
2.936E-07
2.936E-07
2.936E-07
2.936E-07
2.6E-07
2.256E-07
2.6E-07
2.936E-07
2.6E-07
2.6E-07
3.624E-07
2.256E-07
4.304E-07
3.28E-07
3.624E-07
3.28E-07
2.936E-07
3.624E-07
3.624E-07
3.96E-07
3.28E-07
3.96E-07
3.96E-07
4.648E-07
3.624E-07
3.96E-07
4.304E-07
3.28E-07
3.96E-07
3.96E-07
2.6E-07
2.6E-07
3.28E-07
2.936E-07
2.936E-07
2.256E-07
2.256E-07
8.88E-08
1.912E-07
1.232E-07
1.232E-07
1.232E-07
1.576E-07
1.232E-07
2.6E-07
2.256E-07
2.6E-07
2.6E-07
3.28E-07
2.936E-07
2.256E-07
3.96E-07
2.936E-07
3.28E-07
2.936E-07
3.28E-07
3.96E-07
3.28E-07
3.28E-07
3.624E-07
3.624E-07
3.624E-07
3.28E-07
2.256E-07
2.6E-07
1.912E-07
2.936E-07
2.256E-07
2.6E-07
2.256E-07
1.912E-07
1.912E-07
2.256E-07
2.6E-07
1.912E-07
2.256E-07
1.912E-07
2.256E-07
2.6E-07
2.256E-07
1.912E-07
2.936E-07
2.936E-07
3.28E-07
3.28E-07
2.936E-07
4.648E-07
3.624E-07
4.304E-07
4.648E-07
4.984E-07
4.984E-07
4.648E-07
4.648E-07
5.328E-07
5.328E-07
4.984E-07
4.648E-07
4.304E-07
3.96E-07
4.984E-07
3.624E-07
3.96E-07
3.624E-07
3.624E-07
3.96E-07
3.96E-07
3.96E-07
3.28E-07
3.28E-07
2.6E-07
2.256E-07
1.912E-07
1.576E-07
1.576E-07
2.6E-07
1.912E-07
2.256E-07
2.936E-07
2.256E-07
3.28E-07
3.28E-07
3.624E-07
3.96E-07
2.936E-07
3.624E-07
4.304E-07
3.28E-07
3.96E-07
3.624E-07
4.304E-07
3.624E-07
3.96E-07
3.624E-07
4.304E-07
4.648E-07
3.28E-07
4.304E-07
4.648E-07
3.96E-07
3.28E-07
3.624E-07
3.28E-07
2.936E-07
2.936E-07
2.944E-07
2.256E-07
3.28E-07
2.944E-07
3.28E-07
2.944E-07
3.28E-07
1.92E-07
2.6E-07
2.256E-07
1.92E-07
2.6E-07
2.256E-07
2.6E-07
3.624E-07
2.944E-07
3.624E-07
4.304E-07
3.624E-07
4.304E-07
3.96E-07
4.648E-07
2.944E-07
4.304E-07
2.944E-07
3.968E-07
3.624E-07
3.28E-07
3.624E-07
3.968E-07
3.968E-07
4.648E-07
3.624E-07
3.624E-07
4.984E-07
2.944E-07
2.6E-07
3.28E-07
1.92E-07
1.92E-07
2.6E-07
2.256E-07
1.92E-07
2.944E-07
2.256E-07
2.256E-07
2.6E-07
2.6E-07
2.944E-07
3.28E-07
3.28E-07
2.256E-07
2.6E-07
3.28E-07
2.944E-07
3.28E-07
3.28E-07
3.624E-07
4.304E-07
4.648E-07
4.992E-07
6.696E-07
6.008E-07
5.672E-07
6.696E-07
7.376E-07
7.376E-07
6.696E-07
7.72E-07
7.032E-07
7.032E-07
7.376E-07
7.032E-07
5.672E-07
6.352E-07
5.672E-07
4.992E-07
4.648E-07
4.648E-07
4.648E-07
3.968E-07
2.944E-07
3.28E-07
2.944E-07
3.968E-07
2.6E-07
2.944E-07
3.28E-07
2.944E-07
3.968E-07
3.968E-07
4.648E-07
4.304E-07
4.648E-07
4.992E-07
4.992E-07
5.328E-07
4.992E-07
4.992E-07
5.672E-07
5.328E-07
6.016E-07
6.696E-07
7.04E-07
6.016E-07
6.352E-07
6.352E-07
6.696E-07
6.016E-07
5.672E-07
4.992E-07
3.968E-07
4.304E-07
3.624E-07
4.304E-07
3.28E-07
3.624E-07
2.944E-07
3.624E-07
3.624E-07
3.624E-07
4.648E-07
4.648E-07
4.648E-07
3.968E-07
5.328E-07
4.304E-07
4.648E-07
4.304E-07
4.992E-07
4.304E-07
4.304E-07
4.648E-07
4.304E-07
4.648E-07
4.992E-07
4.648E-07
4.648E-07
5.672E-07
5.328E-07
4.648E-07
6.016E-07
5.672E-07
6.016E-07
5.672E-07
5.328E-07
5.672E-07
4.648E-07
5.328E-07
3.624E-07
4.648E-07
3.968E-07
3.624E-07
3.624E-07
3.968E-07
2.944E-07
2.944E-07
3.288E-07
3.624E-07
2.944E-07
3.288E-07
2.944E-07
2.6E-07
2.944E-07
3.624E-07
2.944E-07
3.288E-07
3.968E-07
4.312E-07
4.312E-07
4.648E-07
5.672E-07
4.992E-07
5.328E-07
5.328E-07
5.328E-07
5.672E-07
5.328E-07
7.04E-07
6.352E-07
6.696E-07
6.016E-07
5.672E-07
7.04E-07
6.352E-07
5.336E-07
5.336E-07
5.672E-07
4.992E-07
4.648E-07
4.648E-07
4.648E-07
4.312E-07
4.992E-07
4.312E-07
4.648E-07
3.624E-07
4.312E-07
3.968E-07
4.648E-07
4.312E-07
4.312E-07
4.992E-07
3.624E-07
4.312E-07
4.312E-07
4.992E-07
3.968E-07
4.648E-07
4.992E-07
5.336E-07
4.992E-07
4.312E-07
4.992E-07
4.992E-07
4.992E-07
4.648E-07
5.672E-07
6.36E-07
5.672E-07
6.016E-07
6.016E-07
6.016E-07
5.672E-07
6.36E-07
4.312E-07
4.992E-07
4.992E-07
4.312E-07
3.968E-07
4.992E-07
4.992E-07
4.312E-07
4.312E-07
4.312E-07
4.312E-07
4.312E-07
3.288E-07
3.968E-07
3.968E-07
3.968E-07
4.312E-07
4.648E-07
3.968E-07
4.648E-07
3.624E-07
3.968E-07
3.624E-07
3.968E-07
4.312E-07
4.312E-07
4.648E-07
4.312E-07
5.336E-07
4.648E-07
6.016E-07
6.016E-07
5.672E-07
4.992E-07
6.36E-07
5.336E-07
6.016E-07
5.672E-07
6.016E-07
6.016E-07
5.336E-07
5.672E-07
5.336E-07
5.336E-07
6.016E-07
5.336E-07
4.312E-07
5.672E-07
4.648E-07
4.992E-07
3.624E-07
4.648E-07
3.968E-07
3.624E-07
3.624E-07
3.968E-07
4.312E-07
4.312E-07
4.312E-07
3.968E-07
3.968E-07
3.968E-07
4.312E-07
4.312E-07
4.992E-07
4.312E-07
4.992E-07
4.648E-07
4.648E-07
5.336E-07
4.648E-07
4.992E-07
5.336E-07
6.36E-07
5.672E-07
5.672E-07
5.672E-07
5.336E-07
6.016E-07
5.336E-07
6.016E-07
5.336E-07
5.336E-07
5.672E-07
4.992E-07
4.312E-07
4.312E-07
3.288E-07
3.968E-07
3.288E-07
3.632E-07
2.608E-07
2.608E-07
3.632E-07
2.944E-07
3.968E-07
3.968E-07
3.288E-07
4.992E-07
3.968E-07
4.656E-07
4.656E-07
5.336E-07
5.336E-07
5.336E-07
5.68E-07
5.68E-07
5.68E-07
4.656E-07
5.68E-07
6.016E-07
6.704E-07
6.36E-07
5.68E-07
5.68E-07
6.704E-07
4.992E-07
5.68E-07
4.656E-07
6.016E-07
4.992E-07
4.312E-07
3.968E-07
3.288E-07
3.288E-07
3.968E-07
2.944E-07
3.288E-07
3.968E-07
3.632E-07
3.288E-07
2.944E-07
3.632E-07
3.632E-07
4.312E-07
5.336E-07
4.992E-07
5.68E-07
6.016E-07
7.04E-07
5.68E-07
7.04E-07
6.36E-07
6.704E-07
6.36E-07
6.36E-07
5.336E-07
5.68E-07
6.36E-07
6.36E-07
5.68E-07
5.68E-07
5.68E-07
5.68E-07
4.992E-07
4.656E-07
4.656E-07
4.656E-07
5.336E-07
4.992E-07
3.968E-07
4.312E-07
4.312E-07
4.312E-07
3.632E-07
3.632E-07
3.968E-07
3.968E-07
3.968E-07
3.968E-07
4.312E-07
3.968E-07
3.632E-07
4.312E-07
3.968E-07
4.992E-07
3.632E-07
5.68E-07
5.336E-07
6.704E-07
5.68E-07
6.016E-07
6.704E-07
6.36E-07
7.384E-07
6.704E-07
6.704E-07
6.36E-07
7.384E-07
7.04E-07
6.36E-07
5.68E-07
6.016E-07
4.656E-07
4.992E-07
4.312E-07
4.312E-07
3.976E-07
3.632E-07
3.976E-07
3.632E-07
3.632E-07
3.632E-07
3.976E-07
4.312E-07
4.992E-07
4.312E-07
4.656E-07
4.656E-07
5E-07
5.336E-07
5.336E-07
5.336E-07
4.656E-07
5.68E-07
5E-07
5E-07
5.336E-07
5.336E-07
5.68E-07
6.36E-07
6.016E-07
5E-07
6.36E-07
5E-07
5.336E-07
5.336E-07
5E-07
4.656E-07
4.312E-07
5.336E-07
4.312E-07
4.656E-07
4.656E-07
5E-07
4.656E-07
4.656E-07
4.312E-07
5E-07
4.312E-07
3.976E-07
3.288E-07
4.656E-07
4.656E-07
3.976E-07
5E-07
5.68E-07
4.312E-07
5E-07
4.656E-07
4.656E-07
5.68E-07
5.68E-07
3.976E-07
4.656E-07
5.68E-07
6.024E-07
5.336E-07
6.024E-07
6.36E-07
7.048E-07
6.36E-07
6.36E-07
6.704E-07
6.704E-07
6.704E-07
5.68E-07
6.024E-07
6.36E-07
5.68E-07
5E-07
4.656E-07
5E-07
4.312E-07
4.656E-07
4.656E-07
4.656E-07
4.312E-07
5.68E-07
3.976E-07
4.656E-07
5.336E-07
4.656E-07
4.312E-07
3.632E-07
3.632E-07
4.656E-07
4.656E-07
4.656E-07
3.976E-07
5E-07
5.68E-07
4.312E-07
5E-07
5.336E-07
4.656E-07
5E-07
6.024E-07
5E-07
5.336E-07
5.68E-07
5.68E-07
5.336E-07
4.656E-07
4.312E-07
4.312E-07
5E-07
4.656E-07
4.656E-07
4.656E-07
2.952E-07
3.976E-07
3.976E-07
4.312E-07
3.632E-07
3.632E-07
4.312E-07
3.976E-07
3.296E-07
3.632E-07
3.976E-07
3.976E-07
3.296E-07
5E-07
5E-07
4.656E-07
5E-07
5E-07
6.36E-07
4.656E-07
6.704E-07
5.68E-07
6.024E-07
6.024E-07
6.36E-07
5.68E-07
5E-07
5.68E-07
5.336E-07
4.656E-07
5.336E-07
5.336E-07
3.976E-07
3.976E-07
3.976E-07
3.632E-07
3.976E-07
3.296E-07
3.632E-07
3.976E-07
3.632E-07
4.32E-07
3.632E-07
2.608E-07
3.296E-07
3.632E-07
3.632E-07
3.632E-07
3.296E-07
3.976E-07
3.976E-07
3.296E-07
3.632E-07
3.296E-07
3.632E-07
3.976E-07
3.632E-07
4.32E-07
5E-07
4.656E-07
4.656E-07
5.344E-07
6.024E-07
6.024E-07
5.68E-07
6.024E-07
6.368E-07
5.68E-07
6.024E-07
5.68E-07
5.68E-07
5.344E-07
5.68E-07
5.344E-07
6.024E-07
5.68E-07
5E-07
6.024E-07
5E-07
5.68E-07
4.32E-07
5E-07
4.32E-07
5E-07
4.32E-07
5.344E-07
5.344E-07
6.024E-07
5.344E-07
5.344E-07
5.344E-07
5E-07
3.976E-07
4.656E-07
4.32E-07
4.656E-07
5.344E-07
5.344E-07
5.344E-07
5.344E-07
5.344E-07
6.024E-07
6.704E-07
5.68E-07
4.32E-07
6.024E-07
6.024E-07
5.68E-07
6.024E-07
6.024E-07
5E-07
6.024E-07
5.344E-07
5.68E-07
5E-07
5.68E-07
5.68E-07
5.344E-07
5E-07
3.976E-07
5E-07
5E-07
4.656E-07
4.32E-07
3.632E-07
4.32E-07
5E-07
4.32E-07
3.976E-07
4.656E-07
3.632E-07
5E-07
4.656E-07
4.656E-07
5.68E-07
5.68E-07
6.368E-07
5.68E-07
6.368E-07
6.368E-07
7.392E-07
6.704E-07
7.048E-07
7.728E-07
6.704E-07
7.728E-07
7.048E-07
7.048E-07
7.392E-07
6.704E-07
6.704E-07
7.392E-07
6.024E-07
6.704E-07
6.704E-07
5E-07
4.32E-07
4.32E-07
4.664E-07
3.64E-07
3.976E-07
3.296E-07
3.64E-07
2.616E-07
3.296E-07
3.64E-07
4.664E-07
4.32E-07
4.664E-07
5.344E-07
5E-07
5E-07
5E-07
6.368E-07
5.344E-07
5.344E-07
4.664E-07
5.344E-07
5.344E-07
5.344E-07
4.32E-07
5.688E-07
5.688E-07
5E-07
5.688E-07
5.344E-07
6.024E-07
6.024E-07
6.024E-07
6.368E-07
6.024E-07
7.048E-07
6.368E-07
6.024E-07
5.688E-07
5.344E-07
5E-07
5E-07
5E-07
3.64E-07
4.664E-07
3.296E-07
3.976E-07
3.976E-07
4.32E-07
4.664E-07
5E-07
5E-07
5.688E-07
5.344E-07
6.024E-07
6.024E-07
6.712E-07
6.368E-07
6.024E-07
6.368E-07
6.712E-07
7.048E-07
6.712E-07
6.024E-07
6.024E-07
6.024E-07
6.368E-07
6.368E-07
6.368E-07
5E-07
5.688E-07
5.344E-07
5.344E-07
4.664E-07
5.344E-07
4.664E-07
5E-07
3.976E-07
4.32E-07
3.976E-07
4.32E-07
3.296E-07
4.32E-07
4.32E-07
3.296E-07
3.976E-07
4.664E-07
5E-07
3.976E-07
3.976E-07
4.664E-07
4.664E-07
5E-07
5.688E-07
5.688E-07
5.688E-07
6.368E-07
6.368E-07
7.048E-07
7.392E-07
7.048E-07
6.712E-07
6.712E-07
7.392E-07
6.368E-07
6.712E-07
7.048E-07
5.688E-07
6.368E-07
5.344E-07
5.688E-07
5.688E-07
6.024E-07
5.344E-07
5E-07
5.688E-07
5.344E-07
4.664E-07
4.664E-07
5E-07
3.64E-07
5.008E-07
3.984E-07
4.664E-07
4.32E-07
3.64E-07
4.664E-07
5.344E-07
5.008E-07
5.008E-07
5.344E-07
5.344E-07
6.368E-07
5.008E-07
6.368E-07
6.368E-07
5.344E-07
5.688E-07
5.688E-07
5.008E-07
5.688E-07
5.688E-07
6.032E-07
6.032E-07
6.712E-07
6.368E-07
6.032E-07
5.688E-07
6.368E-07
4.664E-07
5.344E-07
5.344E-07
5.344E-07
5.344E-07
5.344E-07
5.008E-07
6.032E-07
5.344E-07
6.032E-07
5.008E-07
5.008E-07
4.32E-07
5.344E-07
4.664E-07
4.664E-07
3.984E-07
4.664E-07
3.984E-07
4.32E-07
4.32E-07
5.008E-07
4.664E-07
5.344E-07
5.688E-07
6.712E-07
6.712E-07
6.712E-07
7.392E-07
7.392E-07
7.056E-07
7.056E-07
7.056E-07
6.032E-07
6.712E-07
6.712E-07
5.008E-07
6.032E-07
5.688E-07
5.344E-07
6.032E-07
4.664E-07
4.32E-07
5.008E-07
5.008E-07
4.664E-07
4.664E-07
5.344E-07
4.664E-07
5.008E-07
4.32E-07
3.64E-07
4.664E-07
3.984E-07
4.32E-07
4.664E-07
4.664E-07
5.344E-07
5.344E-07
6.368E-07
6.368E-07
6.712E-07
7.056E-07
7.056E-07
7.736E-07
6.712E-07
7.056E-07
6.712E-07
7.056E-07
7.392E-07
6.712E-07
6.712E-07
6.712E-07
6.368E-07
6.032E-07
5.344E-07
6.032E-07
5.688E-07
5.008E-07
5.008E-07
5.008E-07
4.328E-07
4.328E-07
4.664E-07
4.664E-07
4.328E-07
4.328E-07
3.984E-07
3.64E-07
3.64E-07
3.984E-07
3.984E-07
3.984E-07
3.304E-07
3.984E-07
2.28E-07
5.008E-07
4.664E-07
5.688E-07
6.032E-07
6.032E-07
6.712E-07
6.712E-07
7.392E-07
7.392E-07
7.056E-07
7.736E-07
7.056E-07
6.032E-07
7.056E-07
7.056E-07
5.688E-07
6.032E-07
6.368E-07
5.352E-07
5.688E-07
5.352E-07
5.688E-07
5.008E-07
5.352E-07
5.352E-07
4.664E-07
5.008E-07
3.984E-07
3.64E-07
2.28E-07
2.28E-07
3.304E-07
2.96E-07
3.304E-07
3.64E-07
4.328E-07
4.664E-07
4.664E-07
5.008E-07
5.688E-07
5.688E-07
5.352E-07
6.376E-07
7.056E-07
7.4E-07
6.712E-07
7.4E-07
7.4E-07
8.4E-07
6.712E-07
6.032E-07
5.688E-07
4.328E-07
4.328E-07
4.664E-07
4.664E-07
5.008E-07
5.688E-07
6.376E-07
6.376E-07
7.736E-07
6.376E-07
5.688E-07
5.352E-07
4.664E-07
4.328E-07
3.64E-07
2.96E-07
2.96E-07
3.984E-07
3.304E-07
4.328E-07
3.984E-07
4.664E-07
3.984E-07
4.664E-07
3.304E-07
3.304E-07
3.984E-07
3.304E-07
5.008E-07
5.352E-07
6.032E-07
6.376E-07
7.4E-07
6.712E-07
6.712E-07
6.032E-07
4.328E-07
4.664E-07
3.984E-07
4.328E-07
2.96E-07
3.984E-07
5.008E-07
4.328E-07
4.664E-07
4.664E-07
4.664E-07
3.648E-07
3.304E-07
2.96E-07
2.96E-07
3.304E-07
2.624E-07
4.328E-07
3.984E-07
5.008E-07
5.008E-07
5.008E-07
5.352E-07
4.328E-07
5.008E-07
3.984E-07
3.648E-07
2.624E-07
3.304E-07
3.304E-07
3.304E-07
3.304E-07
4.328E-07
6.032E-07
5.008E-07
5.352E-07
5.688E-07
6.032E-07
5.688E-07
5.008E-07
6.032E-07
5.352E-07
5.008E-07
4.672E-07
4.672E-07
3.984E-07
3.984E-07
3.648E-07
3.304E-07
3.304E-07
2.624E-07
3.304E-07
3.304E-07
2.624E-07
2.96E-07
1.6E-07
2.624E-07
2.624E-07
1.936E-07
3.648E-07
2.624E-07
3.304E-07
3.304E-07
3.984E-07
3.984E-07
5.008E-07
5.008E-07
5.696E-07
5.352E-07
5.696E-07
6.032E-07
5.352E-07
6.032E-07
5.352E-07
5.696E-07
6.032E-07
5.352E-07
5.352E-07
5.352E-07
6.376E-07
5.352E-07
5.008E-07
5.352E-07
4.328E-07
5.008E-07
5.352E-07
5.008E-07
5.008E-07
4.672E-07
5.008E-07
4.672E-07
5.008E-07
5.008E-07
4.328E-07
4.672E-07
3.984E-07
4.672E-07
3.984E-07
4.328E-07
4.328E-07
3.648E-07
3.304E-07
4.328E-07
5.008E-07
4.328E-07
5.008E-07
6.032E-07
6.376E-07
6.032E-07
5.352E-07
6.032E-07
5.352E-07
5.696E-07
5.008E-07
5.008E-07
5.352E-07
5.352E-07
4.672E-07
5.696E-07
5.008E-07
5.696E-07
4.672E-07
4.672E-07
3.984E-07
4.672E-07
3.984E-07
3.984E-07
3.984E-07
3.984E-07
3.304E-07
4.328E-07
4.328E-07
3.304E-07
3.984E-07
4.672E-07
4.672E-07
4.672E-07
4.328E-07
5.352E-07
5.352E-07
5.352E-07
4.672E-07
5.008E-07
4.672E-07
5.696E-07
6.376E-07
6.376E-07
6.72E-07
6.376E-07
6.376E-07
7.056E-07
7.056E-07
7.744E-07
7.744E-07
6.72E-07
8.08E-07
7.056E-07
8.08E-07
7.744E-07
7.056E-07
6.72E-07
7.744E-07
6.376E-07
7.056E-07
6.72E-07
6.376E-07
6.72E-07
7.056E-07
7.056E-07
5.352E-07
7.056E-07
6.72E-07
7.4E-07
7.056E-07
7.4E-07
8.8E-07
9.448E-07
9.76E-07
1.0472E-06
1.216E-06
1.216E-06
1.288E-06
1.528E-06
1.664E-06
1.832E-06
2.04E-06
2.24E-06
2.552E-06
2.888E-06
3.232E-06
3.712E-06
4.32E-06
4.936E-06
5.584E-06
6.408E-06
7.36E-06
8.24E-06
9.36E-06
1.04E-05
1.136E-05
1.23416E-05
1.328E-05
1.392E-05
1.47984E-05
1.544E-05
1.6E-05
1.66752E-05
1.72E-05
1.752E-05
1.808E-05
1.848E-05
1.872E-05
1.904E-05
1.928E-05
1.936E-05
1.944E-05
1.952E-05
1.96E-05
1.976E-05
1.984E-05
1.992E-05
2.008E-05
2.016E-05
2.04E-05
2.048E-05
2.088E-05
2.096E-05
2.112E-05
2.136E-05
2.144E-05
2.152E-05
2.16E-05
2.168E-05
2.176E-05
2.18288E-05
2.184E-05
2.176E-05
2.192E-05
2.176E-05
2.192E-05
2.192E-05
2.192E-05
2.2E-05
2.2E-05
2.2E-05
2.216E-05
2.2E-05
2.2E-05
2.2E-05
2.192E-05
2.192E-05
2.2E-05
2.192E-05
2.2E-05
2.208E-05
2.224E-05
2.224E-05
2.232E-05
2.24E-05
2.248E-05
2.248E-05
2.248E-05
2.248E-05
2.256E-05
2.248E-05
2.25128E-05
2.248E-05
2.256E-05
2.248E-05
2.256E-05
2.248E-05
2.256E-05
2.24E-05
2.248E-05
2.24E-05
2.232E-05
2.248E-05
2.24E-05
2.248E-05
2.232E-05
2.248E-05
2.248E-05
2.232E-05
2.232E-05
2.23432E-05
2.224E-05
2.216E-05
2.208E-05
2.208E-05
2.208E-05
2.216E-05
2.216E-05
2.224E-05
2.24E-05
2.24E-05
2.256E-05
2.256E-05
2.264E-05
2.264E-05
2.28E-05
2.288E-05
2.296E-05
2.312E-05
2.32E-05
2.344E-05
2.344E-05
2.344E-05
2.352E-05
2.368E-05
2.36E-05
2.368E-05
2.376E-05
2.376E-05
2.376E-05
2.392E-05
2.39144E-05
2.392E-05
2.408E-05
2.408E-05
2.408E-05
2.408E-05
2.408E-05
2.408E-05
2.416E-05
2.416E-05
2.424E-05
2.432E-05
2.432E-05
2.43928E-05
2.456E-05
2.456E-05
2.456E-05
2.456E-05
2.464E-05
2.47344E-05
2.48E-05
2.48E-05
2.48E-05
2.48E-05
2.48E-05
2.488E-05
2.5076E-05
2.504E-05
2.504E-05
2.512E-05
2.5008E-05
2.512E-05
2.52E-05
2.504E-05
2.52E-05
2.512E-05
2.52472E-05
2.52E-05
2.52E-05
2.528E-05
2.528E-05
2.52E-05
2.52E-05
2.512E-05
2.52E-05
2.52E-05
2.512E-05
2.52E-05
2.52E-05
2.528E-05
2.536E-05
2.528E-05
2.544E-05
2.544E-05
2.552E-05
2.552E-05
2.552E-05
2.56E-05
2.56E-05
2.56E-05
2.568E-05
2.576E-05
2.584E-05
2.58288E-05
2.584E-05
2.592E-05
2.584E-05
2.592E-05
2.592E-05
2.584E-05
2.584E-05
2.592E-05
2.58976E-05
2.584E-05
2.584E-05
2.576E-05
2.58296E-05
2.576E-05
2.576E-05
2.576E-05
2.568E-05
2.576E-05
2.576E-05
2.568E-05
2.576E-05
2.56E-05
2.576E-05
2.568E-05
2.576E-05
2.568E-05
2.568E-05
2.576E-05
2.584E-05
2.584E-05
2.58648E-05
2.6E-05
2.6E-05
2.6E-05
2.608E-05
2.608E-05
2.608E-05
2.62064E-05
2.616E-05
2.616E-05
2.616E-05
2.61384E-05
2.616E-05
2.616E-05
2.608E-05
2.6E-05
2.616E-05
2.6E-05
2.608E-05
2.6E-05
2.61048E-05
2.6E-05
2.6E-05
2.59344E-05
2.584E-05
2.584E-05
2.584E-05
2.576E-05
2.576E-05
2.576E-05
2.576E-05
2.57984E-05
2.568E-05
2.576E-05
2.576E-05
2.57304E-05
2.576E-05
2.584E-05
2.576E-05
2.576E-05
2.576E-05
2.576E-05
2.576E-05
2.568E-05
2.56968E-05
2.576E-05
2.576E-05
2.576E-05
2.568E-05
2.56E-05
2.56E-05
2.56E-05
2.56E-05
2.552E-05
2.552E-05
2.552E-05
2.552E-05
2.552E-05
2.552E-05
2.552E-05
2.552E-05
2.552E-05
2.544E-05
2.544E-05
2.544E-05
2.53568E-05
2.536E-05
2.536E-05
2.528E-05
2.53912E-05
2.528E-05
2.528E-05
2.528E-05
2.52208E-05
2.536E-05
2.528E-05
2.536E-05
2.536E-05
2.53576E-05
2.552E-05
2.544E-05
2.544E-05
2.552E-05
2.552E-05
2.552E-05
2.544E-05
2.552E-05
2.552E-05
2.54264E-05
2.544E-05
2.544E-05
2.536E-05
2.544E-05
2.544E-05
2.544E-05
2.544E-05
2.544E-05
2.544E-05
2.544E-05
2.536E-05
2.544E-05
2.528E-05
2.528E-05
2.536E-05
2.52E-05
2.536E-05
2.528E-05
2.52E-05
2.52E-05
2.528E-05
2.52E-05
2.528E-05
2.512E-05
2.52232E-05
2.52232E-05
2.528E-05
2.528E-05
2.528E-05
2.536E-05
2.528E-05
2.544E-05
2.536E-05
2.536E-05
2.544E-05
2.53944E-05
2.536E-05
2.536E-05
2.536E-05
2.536E-05
2.536E-05
2.528E-05
2.528E-05
2.52584E-05
2.52E-05
2.512E-05
2.504E-05
2.504E-05
2.488E-05
2.496E-05
2.488E-05
2.488E-05
2.48E-05
2.464E-05
2.464E-05
2.464E-05
2.464E-05
2.45768E-05
2.464E-05
2.464E-05
2.456E-05
2.464E-05
2.464E-05
2.456E-05
2.464E-05
2.464E-05
2.464E-05
2.472E-05
2.464E-05
2.472E-05
2.472E-05
2.48E-05
2.472E-05
2.472E-05
2.472E-05
2.472E-05
2.472E-05
2.47144E-05
2.472E-05
2.472E-05
2.472E-05
2.472E-05
2.47488E-05
2.48E-05
2.48E-05
2.488E-05
2.488E-05
2.488E-05
2.48E-05
2.48E-05
2.48E-05
2.48E-05
2.472E-05
2.472E-05
2.472E-05
2.472E-05
2.472E-05
2.472E-05
2.472E-05
2.472E-05
2.48E-05
2.472E-05
2.472E-05
2.464E-05
2.472E-05
2.464E-05
2.448E-05
2.464E-05
2.45456E-05
2.448E-05
2.448E-05
2.448E-05
2.448E-05
2.44776E-05
2.448E-05
2.44E-05
2.44E-05
2.432E-05
2.432E-05
2.432E-05
2.432E-05
2.416E-05
2.424E-05
2.416E-05
2.416E-05
2.408E-05
2.4E-05
2.408E-05
2.4E-05
2.384E-05
2.384E-05
2.384E-05
2.368E-05
2.376E-05
2.368E-05
2.368E-05
2.376E-05
2.366E-05
2.36E-05
2.376E-05
2.368E-05
2.368E-05
2.376E-05
2.368E-05
2.368E-05
2.36E-05
2.376E-05
2.368E-05
2.368E-05
2.368E-05
2.368E-05
2.376E-05
2.368E-05
2.376E-05
2.376E-05
2.376E-05
2.376E-05
2.37976E-05
2.376E-05
2.376E-05
2.376E-05
2.384E-05
2.37296E-05
2.376E-05
2.368E-05
2.35592E-05
2.352E-05
2.352E-05
2.352E-05
2.33888E-05
2.344E-05
2.328E-05
2.328E-05
2.328E-05
2.328E-05
2.32E-05
2.32E-05
2.328E-05
2.32E-05
2.32E-05
2.336E-05
2.328E-05
2.31848E-05
2.328E-05
2.328E-05
2.336E-05
2.328E-05
2.336E-05
2.328E-05
2.328E-05
2.32E-05
2.328E-05
2.32E-05
2.328E-05
2.312E-05
2.312E-05
2.304E-05
2.304E-05
2.296E-05
2.288E-05
2.288E-05
2.272E-05
2.288E-05
2.28E-05
2.27424E-05
2.272E-05
2.28E-05
2.272E-05
2.264E-05
2.27768E-05
2.264E-05
2.264E-05
2.272E-05
2.272E-05
2.264E-05
2.264E-05
2.272E-05
2.264E-05
2.264E-05
2.264E-05
2.256E-05
2.256E-05
2.264E-05
2.25728E-05
2.256E-05
2.256E-05
2.248E-05
2.248E-05
2.248E-05
2.24E-05
2.24E-05
2.24E-05
2.24E-05
2.224E-05
2.224E-05
2.216E-05
2.2164E-05
2.216E-05
2.208E-05
2.208E-05
2.2E-05
2.2E-05
2.192E-05
2.192E-05
2.18232E-05
2.176E-05
2.176E-05
2.168E-05
2.16E-05
2.16E-05
2.152E-05
2.152E-05
2.144E-05
2.136E-05
2.136E-05
2.128E-05
2.128E-05
2.128E-05
2.128E-05
2.12E-05
2.128E-05
2.12E-05
2.12E-05
2.12E-05
2.112E-05
2.12E-05
2.1176E-05
2.112E-05
2.104E-05
2.096E-05
2.096E-05
2.09032E-05
2.08E-05
2.072E-05
2.08E-05
2.08E-05
2.08E-05
2.072E-05
2.08E-05
2.08E-05
2.08E-05
2.07672E-05
2.08E-05
2.08E-05
2.088E-05
2.088E-05
2.0904E-05
2.10064E-05
2.096E-05
2.088E-05
2.104E-05
2.104E-05
2.104E-05
2.10408E-05
2.104E-05
2.12E-05
2.112E-05
2.12E-05
2.128E-05
2.136E-05
2.128E-05
2.13824E-05
2.136E-05
2.144E-05
2.144E-05
2.152E-05
2.152E-05
2.152E-05
2.152E-05
2.168E-05
2.168E-05
2.176E-05
2.168E-05
2.168E-05
2.168E-05
2.168E-05
2.168E-05
2.168E-05
2.168E-05
2.168E-05
2.176E-05
2.176E-05
2.176E-05
2.176E-05
2.168E-05
2.176E-05
2.176E-05
2.184E-05
2.192E-05
2.192E-05
2.192E-05
2.2E-05
2.1964E-05
2.2E-05
2.2E-05
2.208E-05
2.2E-05
2.208E-05
2.21008E-05
2.216E-05
2.224E-05
2.224E-05
2.224E-05
2.224E-05
2.224E-05
2.224E-05
2.24E-05
2.24E-05
2.232E-05
2.232E-05
2.23744E-05
2.232E-05
2.24E-05
2.24E-05
2.24E-05
2.24E-05
2.24088E-05
2.24E-05
2.248E-05
2.248E-05
2.264E-05
2.248E-05
2.25456E-05
2.248E-05
2.248E-05
2.248E-05
2.256E-05
2.24776E-05
2.248E-05
2.248E-05
2.24E-05
2.24E-05
2.248E-05
2.248E-05
2.248E-05
2.248E-05
2.2444E-05
2.248E-05
2.248E-05
2.248E-05
2.256E-05
2.256E-05
2.256E-05
2.25808E-05
2.264E-05
2.264E-05
2.264E-05
2.256E-05
2.256E-05
2.256E-05
2.248E-05
2.24E-05
2.24E-05
2.224E-05
2.224E-05
2.224E-05
2.216E-05
2.224E-05
2.216E-05
2.208E-05
2.2104E-05
2.208E-05
2.208E-05
2.2E-05
2.216E-05
2.2036E-05
2.208E-05
2.208E-05
2.2E-05
2.2E-05
2.20704E-05
2.2E-05
2.2E-05
2.2E-05
2.208E-05
2.2E-05
2.2E-05
2.2E-05
2.208E-05
2.2E-05
2.208E-05
2.2E-05
2.2E-05
2.208E-05
2.208E-05
2.2E-05
2.2E-05
2.2E-05
2.208E-05
2.2E-05
2.2E-05
2.192E-05
2.184E-05
2.184E-05
2.176E-05
2.18328E-05
2.176E-05
2.176E-05
2.184E-05
2.184E-05
2.184E-05
2.176E-05
2.176E-05
2.176E-05
2.176E-05
2.176E-05
2.184E-05
2.176E-05
2.184E-05
2.176E-05
2.184E-05
2.192E-05
2.192E-05
2.2E-05
2.216E-05
2.224E-05
2.224E-05
2.232E-05
2.24E-05
2.232E-05
2.24E-05
2.24E-05
2.248E-05
2.24E-05
2.24E-05
2.256E-05
2.248E-05
2.248E-05
2.248E-05
2.248E-05
2.248E-05
2.248E-05
2.248E-05
2.24E-05
2.248E-05
2.256E-05
2.24832E-05
2.248E-05
2.256E-05
2.256E-05
2.256E-05
2.262E-05
2.256E-05
2.27224E-05
2.264E-05
2.28E-05
2.28E-05
2.288E-05
2.296E-05
2.29616E-05
2.3064E-05
2.31664E-05
2.32E-05
2.328E-05
2.344E-05
2.344E-05
2.352E-05
2.36E-05
2.36E-05
2.36E-05
2.368E-05
2.36E-05
2.368E-05
2.36E-05
2.36E-05
2.368E-05
2.352E-05
2.36E-05
2.352E-05
2.352E-05
2.352E-05
2.344E-05
2.352E-05
2.344E-05
2.344E-05
2.344E-05
2.336E-05
2.344E-05
2.328E-05
2.336E-05
2.32E-05
2.328E-05
2.328E-05
2.336E-05
2.336E-05
2.33048E-05
2.33048E-05
2.336E-05
2.336E-05
2.336E-05
2.328E-05
2.328E-05
2.32E-05
2.312E-05
2.32E-05
2.32E-05
2.312E-05
2.312E-05
2.32E-05
2.31008E-05
2.304E-05
2.304E-05
2.296E-05
2.296E-05
2.296E-05
2.296E-05
2.288E-05
2.296E-05
2.296E-05
2.288E-05
2.288E-05
2.296E-05
2.304E-05
2.296E-05
2.296E-05
2.296E-05
2.296E-05
2.312E-05
2.296E-05
2.30336E-05
2.304E-05
2.32E-05
2.312E-05
2.312E-05
2.32E-05
2.31704E-05
2.32E-05
2.328E-05
2.328E-05
2.328E-05
2.33072E-05
2.336E-05
2.336E-05
2.344E-05
2.328E-05
2.336E-05
2.344E-05
2.3444E-05
2.336E-05
2.336E-05
2.344E-05
2.344E-05
2.344E-05
2.344E-05
2.344E-05
2.344E-05
2.344E-05
2.344E-05
2.352E-05
2.352E-05
2.36E-05
2.36E-05
2.368E-05
2.36496E-05
2.368E-05
2.376E-05
2.368E-05
2.376E-05
2.3684E-05
2.368E-05
2.368E-05
2.376E-05
2.376E-05
2.384E-05
2.384E-05
2.392E-05
2.4E-05
2.392E-05
2.4E-05
2.416E-05
2.416E-05
2.424E-05
2.416E-05
2.416E-05
2.424E-05
2.416E-05
2.41968E-05
2.416E-05
2.416E-05
2.408E-05
2.41288E-05
2.408E-05
2.408E-05
2.39584E-05
2.392E-05
2.392E-05
2.392E-05
2.368E-05
2.376E-05
2.376E-05
2.36E-05
2.368E-05
2.36E-05
2.368E-05
2.36E-05
2.36E-05
2.3652E-05
2.352E-05
2.36E-05
2.36E-05
2.34816E-05
2.368E-05
2.352E-05
2.368E-05
2.368E-05
2.376E-05
2.368E-05
2.376E-05
2.376E-05
2.384E-05
2.384E-05
2.376E-05
2.376E-05
2.392E-05
2.384E-05
2.376E-05
2.37896E-05
2.37896E-05
2.376E-05
2.376E-05
2.368E-05
2.368E-05
2.368E-05
2.36E-05
2.368E-05
2.36E-05
2.352E-05
2.368E-05
2.36E-05
2.368E-05
2.352E-05
2.36E-05
2.352E-05
2.352E-05
2.35176E-05
2.352E-05
2.36E-05
2.352E-05
2.36E-05
2.368E-05
2.36544E-05
2.36E-05
2.368E-05
2.376E-05
2.376E-05
2.376E-05
2.376E-05
2.384E-05
2.376E-05
2.384E-05
2.37232E-05
2.376E-05
2.368E-05
2.368E-05
2.368E-05
2.36552E-05
2.36E-05
2.352E-05
2.344E-05
2.344E-05
2.336E-05
2.336E-05
2.328E-05
2.32E-05
2.32E-05
2.304E-05
2.30416E-05
2.296E-05
2.296E-05
2.28E-05
2.28E-05
2.28E-05
2.272E-05
2.264E-05
2.264E-05
2.28E-05
2.272E-05
2.28E-05
2.28E-05
2.28376E-05
2.294E-05
2.28E-05
2.288E-05
2.296E-05
2.304E-05
2.304E-05
2.312E-05
2.304E-05
2.312E-05
2.312E-05
2.32E-05
2.32E-05
2.3316E-05
2.32E-05
2.32E-05
2.32E-05
2.32E-05
2.31456E-05
2.32E-05
2.32E-05
2.32E-05
2.32E-05
2.32824E-05
2.328E-05
2.312E-05
2.328E-05
2.32144E-05
2.336E-05
2.328E-05
2.328E-05
2.336E-05
2.336E-05
2.352E-05
2.352E-05
2.36E-05
2.36584E-05
2.376E-05
2.368E-05
2.368E-05
2.376E-05
2.376E-05
2.376E-05
2.384E-05
2.384E-05
2.384E-05
2.376E-05
2.3932E-05
2.384E-05
2.392E-05
2.4E-05
2.4E-05
2.4E-05
2.392E-05
2.392E-05
2.392E-05
2.392E-05
2.38984E-05
2.384E-05
2.392E-05
2.384E-05
2.392E-05
2.392E-05
2.392E-05
2.392E-05
2.392E-05
2.39672E-05
2.40696E-05
2.4E-05
2.4E-05
2.408E-05
2.416E-05
2.40016E-05
2.4E-05
2.408E-05
2.416E-05
2.408E-05
2.4036E-05
2.408E-05
2.408E-05
2.416E-05
2.408E-05
2.41728E-05
2.424E-05
2.416E-05
2.424E-05
2.424E-05
2.424E-05
2.43096E-05
2.424E-05
2.416E-05
2.41392E-05
2.408E-05
2.4E-05
2.408E-05
2.4E-05
2.4E-05
2.4E-05
2.408E-05
2.4E-05
2.4E-05
2.4E-05
2.408E-05
2.4E-05
2.4E-05
2.408E-05
2.408E-05
2.424E-05
2.416E-05
2.408E-05
2.416E-05
2.424E-05
2.424E-05
2.424E-05
2.424E-05
2.424E-05
2.424E-05
2.44136E-05
2.424E-05
2.432E-05
2.432E-05
2.43456E-05
2.424E-05
2.44E-05
2.44E-05
2.44E-05
2.424E-05
2.424E-05
2.432E-05
2.424E-05
2.42096E-05
2.416E-05
2.408E-05
2.4E-05
2.408E-05
2.4E-05
2.392E-05
2.392E-05
2.392E-05
2.384E-05
2.392E-05
2.384E-05
2.38008E-05
2.376E-05
2.384E-05
2.384E-05
2.384E-05
2.384E-05
2.376E-05
2.384E-05
2.376E-05
2.384E-05
2.384E-05
2.384E-05
2.384E-05
2.384E-05
2.384E-05
2.392E-05
2.384E-05
2.392E-05
2.384E-05
2.384E-05
2.376E-05
2.376E-05
2.368E-05
2.36656E-05
2.36E-05
2.36E-05
2.368E-05
2.352E-05
2.336E-05
2.36E-05
2.344E-05
2.336E-05
2.336E-05
2.336E-05
2.328E-05
2.328E-05
2.32E-05
2.328E-05
2.32E-05
2.32E-05
2.32E-05
2.312E-05
2.32E-05
2.312E-05
2.32E-05
2.304E-05
2.32E-05
2.304E-05
2.312E-05
2.312E-05
2.31552E-05
2.312E-05
2.312E-05
2.312E-05
2.32E-05
2.312E-05
2.312E-05
2.312E-05
2.312E-05
2.296E-05
2.304E-05
2.312E-05
2.296E-05
2.29512E-05
2.288E-05
2.288E-05
2.288E-05
2.28E-05
2.28E-05
2.272E-05
2.28E-05
2.264E-05
2.28E-05
2.272E-05
2.264E-05
2.256E-05
2.264E-05
2.26448E-05
2.264E-05
2.264E-05
2.272E-05
2.28E-05
2.27816E-05
2.272E-05
2.272E-05
2.28E-05
2.288E-05
2.288E-05
2.29184E-05
2.296E-05
2.296E-05
2.296E-05
2.296E-05
2.304E-05
2.30552E-05
2.31576E-05
2.31576E-05
2.32E-05
2.32E-05
2.328E-05
2.328E-05
2.336E-05
2.336E-05
2.344E-05
2.344E-05
2.344E-05
2.352E-05
2.344E-05
2.352E-05
2.344E-05
2.352E-05
2.36E-05
2.36E-05
2.36E-05
2.368E-05
2.376E-05
2.376E-05
2.384E-05
2.392E-05
2.392E-05
2.4012E-05
2.408E-05
2.408E-05
2.416E-05
2.424E-05
2.432E-05
2.44E-05
2.43536E-05
2.448E-05
2.456E-05
2.464E-05
2.456E-05
2.456E-05
2.464E-05
2.46952E-05
2.472E-05
2.472E-05
2.464E-05
2.456E-05
2.464E-05
2.464E-05
2.472E-05
2.464E-05
2.456E-05
2.472E-05
2.464E-05
2.464E-05
2.464E-05
2.464E-05
2.464E-05
2.464E-05
2.464E-05
2.472E-05
2.4628E-05
2.472E-05
2.464E-05
2.456E-05
2.472E-05
2.472E-05
2.472E-05
2.472E-05
2.48E-05
2.48E-05
2.47992E-05
2.48E-05
2.488E-05
2.48E-05
2.48E-05
2.48336E-05
2.48E-05
2.472E-05
2.48E-05
2.47656E-05
2.472E-05
2.48E-05
2.464E-05
2.472E-05
2.464E-05
2.472E-05
2.464E-05
2.456E-05
2.46296E-05
2.464E-05
2.456E-05
2.464E-05
2.45616E-05
2.456E-05
2.448E-05
2.448E-05
2.456E-05
2.448E-05
2.448E-05
2.456E-05
2.44E-05
2.44E-05
2.448E-05
2.44E-05
2.44E-05
2.44E-05
2.44E-05
2.448E-05
2.456E-05
2.448E-05
2.44944E-05
2.432E-05
2.448E-05
2.44E-05
2.432E-05
2.44264E-05
2.44E-05
2.432E-05
2.432E-05
2.432E-05
2.432E-05
2.424E-05
2.432E-05
2.42904E-05
2.42904E-05
2.416E-05
2.416E-05
2.416E-05
2.408E-05
2.4E-05
2.408E-05
2.39496E-05
2.392E-05
2.392E-05
2.392E-05
2.392E-05
2.384E-05
2.392E-05
2.384E-05
2.376E-05
2.38136E-05
2.384E-05
2.376E-05
2.376E-05
2.384E-05
2.384E-05
2.384E-05
2.368E-05
2.384E-05
2.378E-05
2.392E-05
2.392E-05
2.4E-05
2.392E-05
2.4E-05
2.408E-05
2.408E-05
2.408E-05
2.408E-05
2.408E-05
2.416E-05
2.4E-05
2.392E-05
2.392E-05
2.384E-05
2.384E-05
2.384E-05
2.376E-05
2.37128E-05
2.368E-05
2.36E-05
2.368E-05
2.368E-05
2.36448E-05
2.368E-05
2.368E-05
2.368E-05
2.376E-05
2.368E-05
2.368E-05
2.384E-05
2.368E-05
2.392E-05
2.392E-05
2.4E-05
2.392E-05
2.392E-05
2.408E-05
2.4E-05
2.40552E-05
2.408E-05
2.416E-05
2.408E-05
2.408E-05
2.416E-05
2.4E-05
2.408E-05
2.4E-05
2.39192E-05
2.4E-05
2.4E-05
2.392E-05
2.392E-05
2.392E-05
2.392E-05
2.384E-05
2.384E-05
2.384E-05
2.384E-05
2.384E-05
2.376E-05
2.37152E-05
2.37152E-05
2.376E-05
2.368E-05
2.36E-05
2.36E-05
2.36E-05
2.344E-05
2.352E-05
2.352E-05
2.352E-05
2.352E-05
2.36E-05
2.36E-05
2.36136E-05
2.36136E-05
2.36E-05
2.368E-05
2.368E-05
2.368E-05
2.368E-05
2.36E-05
2.36E-05
2.36E-05
2.352E-05
2.358E-05
2.352E-05
2.368E-05
2.36E-05
2.3512E-05
2.36E-05
2.352E-05
2.344E-05
2.336E-05
2.344E-05
2.328E-05
2.328E-05
2.336E-05
2.328E-05
2.328E-05
2.32E-05
2.32E-05
2.32E-05
2.32E-05
2.32E-05
2.312E-05
2.31376E-05
2.32E-05
2.328E-05
2.344E-05
2.344E-05
2.344E-05
2.344E-05
2.36E-05
2.352E-05
2.36E-05
2.36E-05
2.36E-05
2.368E-05
2.368E-05
2.36E-05
2.368E-05
2.36E-05
2.368E-05
2.376E-05
2.37528E-05
2.376E-05
2.384E-05
2.384E-05
2.384E-05
2.392E-05
2.392E-05
2.392E-05
2.4E-05
2.4E-05
2.4E-05
2.408E-05
2.41288E-05
2.416E-05
2.416E-05
2.424E-05
2.424E-05
2.44E-05
2.432E-05
2.44E-05
2.448E-05
2.456E-05
2.456E-05
2.448E-05
2.448E-05
2.456E-05
2.456E-05
2.456E-05
2.472E-05
2.472E-05
2.4744E-05
2.472E-05
2.488E-05
2.48E-05
2.488E-05
2.48808E-05
2.48808E-05
2.488E-05
2.488E-05
2.488E-05
2.488E-05
2.472E-05
2.48E-05
2.48E-05
2.47448E-05
2.48E-05
2.48E-05
2.472E-05
2.48E-05
2.472E-05
2.472E-05
2.464E-05
2.472E-05
2.464E-05
2.464E-05
2.464E-05
2.464E-05
2.464E-05
2.464E-05
2.464E-05
2.464E-05
2.472E-05
2.472E-05
2.478E-05
2.472E-05
2.472E-05
2.48E-05
2.4712E-05
2.472E-05
2.472E-05
2.472E-05
2.48E-05
2.464E-05
2.464E-05
2.48E-05
2.464E-05
2.472E-05
2.46784E-05
2.464E-05
2.472E-05
2.464E-05
2.472E-05
2.464E-05
2.464E-05
2.472E-05
2.45424E-05
2.448E-05
2.448E-05
2.448E-05
2.44E-05
2.44E-05
2.44E-05
2.424E-05
2.4304E-05
2.424E-05
2.432E-05
2.424E-05
2.424E-05
2.424E-05
2.416E-05
2.424E-05
2.416E-05
2.408E-05
2.408E-05
2.416E-05
2.4E-05
2.4E-05
2.408E-05
2.4E-05
2.408E-05
2.408E-05
2.4E-05
2.408E-05
2.408E-05
2.4E-05
2.392E-05
2.392E-05
2.392E-05
2.392E-05
2.384E-05
2.384E-05
2.376E-05
2.384E-05
2.376E-05
2.368E-05
2.384E-05
2.368E-05
2.368E-05
2.368E-05
2.376E-05
2.368E-05
2.368E-05
2.376E-05
2.376E-05
2.384E-05
2.384E-05
2.384E-05
2.4E-05
2.4E-05
2.39312E-05
2.40336E-05
2.4E-05
2.4E-05
2.408E-05
2.408E-05
2.41704E-05
2.424E-05
2.424E-05
2.432E-05
2.424E-05
2.424E-05
2.432E-05
2.44E-05
2.448E-05
2.424E-05
2.44E-05
2.43416E-05
2.432E-05
2.424E-05
2.424E-05
2.424E-05
2.416E-05
2.416E-05
2.416E-05
2.408E-05
2.408E-05
2.4E-05
2.4E-05
2.408E-05
2.416E-05
2.424E-05
2.416E-05
2.424E-05
2.424E-05
2.424E-05
2.416E-05
2.424E-05
2.424E-05
2.424E-05
2.43088E-05
2.44E-05
2.44E-05
2.432E-05
2.448E-05
2.448E-05
2.44E-05
2.448E-05
2.448E-05
2.44E-05
2.448E-05
2.448E-05
2.44E-05
2.44E-05
2.44E-05
2.432E-05
2.432E-05
2.432E-05
2.432E-05
2.42416E-05
2.424E-05
2.424E-05
2.424E-05
2.424E-05
2.424E-05
2.424E-05
2.416E-05
2.41056E-05
2.416E-05
2.416E-05
2.416E-05
2.416E-05
2.416E-05
2.424E-05
2.432E-05
2.432E-05
2.424E-05
2.432E-05
2.44E-05
2.44816E-05
2.448E-05
2.44E-05
2.448E-05
2.432E-05
2.448E-05
2.448E-05
2.44E-05
2.44E-05
2.448E-05
2.448E-05
2.44E-05
2.44E-05
2.44E-05
2.438E-05
2.44E-05
2.432E-05
2.424E-05
2.424E-05
2.424E-05
2.424E-05
2.424E-05
2.424E-05
2.4244E-05
2.424E-05
2.416E-05
2.424E-05
2.424E-05
2.424E-05
2.424E-05
2.424E-05
2.424E-05
2.44E-05
2.432E-05
2.44E-05
2.448E-05
2.44E-05
2.44E-05
2.448E-05
2.448E-05
2.448E-05
2.44E-05
2.448E-05
2.448E-05
2.432E-05
2.44E-05
2.44E-05
2.44E-05
2.44E-05
2.432E-05
2.432E-05
2.44E-05
2.432E-05
2.432E-05
2.424E-05
2.424E-05
2.416E-05
2.416E-05
2.408E-05
2.40072E-05
2.408E-05
2.4E-05
2.408E-05
2.4E-05
2.4E-05
2.408E-05
2.408E-05
2.408E-05
2.408E-05
2.424E-05
2.408E-05
2.424E-05
2.416E-05
2.408E-05
2.424E-05
2.424E-05
2.424E-05
2.416E-05
2.432E-05
2.432E-05
2.432E-05
2.432E-05
2.432E-05
2.432E-05
2.432E-05
2.42816E-05
2.4384E-05
2.424E-05
2.432E-05
2.432E-05
2.424E-05
2.424E-05
2.416E-05
2.416E-05
2.4E-05
2.4E-05
2.4E-05
2.39752E-05
2.39752E-05
2.392E-05
2.384E-05
2.392E-05
2.384E-05
2.376E-05
2.376E-05
2.37368E-05
2.37368E-05
2.368E-05
2.368E-05
2.368E-05
2.376E-05
2.384E-05
2.376E-05
2.384E-05
2.392E-05
2.392E-05
2.3908E-05
2.4E-05
2.4E-05
2.4E-05
2.392E-05
2.4E-05
2.4E-05
2.392E-05
2.4E-05
2.4E-05
2.38744E-05
2.392E-05
2.392E-05
2.384E-05
2.384E-05
2.384E-05
2.384E-05
2.384E-05
2.368E-05
2.37384E-05
2.376E-05
2.368E-05
2.376E-05
2.36704E-05
2.36E-05
2.368E-05
2.352E-05
2.368E-05
2.36024E-05
2.36E-05
2.376E-05
2.376E-05
2.384E-05
2.384E-05
2.392E-05
2.384E-05
2.384E-05
2.392E-05
2.392E-05
2.392E-05
2.384E-05
2.392E-05
2.392E-05
2.392E-05
2.384E-05
2.392E-05
2.4E-05
2.392E-05
2.4E-05
2.39448E-05
2.4E-05
2.392E-05
2.392E-05
2.392E-05
2.392E-05
2.39792E-05
2.4E-05
2.408E-05
2.4E-05
2.40136E-05
2.408E-05
2.408E-05
2.408E-05
2.4E-05
2.408E-05
2.416E-05
2.408E-05
2.408E-05
2.408E-05
2.424E-05
2.432E-05
2.42872E-05
2.432E-05
2.432E-05
2.448E-05
2.44E-05
2.448E-05
2.4424E-05
2.448E-05
2.456E-05
2.448E-05
2.456E-05
2.448E-05
2.456E-05
2.456E-05
2.456E-05
2.456E-05
2.456E-05
2.456E-05
2.456E-05
2.448E-05
2.45272E-05
2.448E-05
2.448E-05
2.44E-05
2.44592E-05
2.432E-05
2.432E-05
2.432E-05
2.42888E-05
2.432E-05
2.424E-05
2.424E-05
2.424E-05
2.432E-05
2.424E-05
2.424E-05
2.424E-05
2.432E-05
2.432E-05
2.432E-05
2.44E-05
2.44E-05
2.44E-05
2.4392E-05
2.44E-05
2.448E-05
2.44E-05
2.448E-05
2.456E-05
2.46312E-05
2.456E-05
2.456E-05
2.448E-05
2.45632E-05
2.456E-05
2.456E-05
2.456E-05
2.448E-05
2.44E-05
2.44E-05
2.44E-05
2.43248E-05
2.44E-05
2.44E-05
2.432E-05
2.424E-05
2.432E-05
2.416E-05
2.424E-05
2.424E-05
2.41888E-05
2.416E-05
2.416E-05
2.416E-05
2.424E-05
2.424E-05
2.42232E-05
2.432E-05
2.432E-05
2.432E-05
2.432E-05
2.436E-05
2.44E-05
2.448E-05
2.44E-05
2.44E-05
2.432E-05
2.44E-05
2.44E-05
2.44E-05
2.43264E-05
2.432E-05
2.432E-05
2.44E-05
2.432E-05
2.43608E-05
2.44E-05
2.44E-05
2.44E-05
2.44E-05
2.43952E-05
2.448E-05
2.44E-05
2.44E-05
2.44E-05
2.43272E-05
2.432E-05
2.432E-05
2.432E-05
2.42592E-05
2.432E-05
2.432E-05
2.424E-05
2.432E-05
2.42936E-05
2.432E-05
2.432E-05
2.432E-05
2.44E-05
2.44304E-05
2.44E-05
2.44E-05
2.44E-05
2.448E-05
2.44648E-05
2.44648E-05
2.456E-05
2.44E-05
2.44E-05
2.44E-05
2.44992E-05
2.44E-05
2.44E-05
2.44E-05
2.44E-05
2.448E-05
2.44E-05
2.44E-05
2.44E-05
2.424E-05
2.44E-05
2.424E-05
2.432E-05
2.42952E-05
2.432E-05
2.416E-05
2.41248E-05
2.416E-05
2.416E-05
2.408E-05
2.416E-05
2.40568E-05
2.416E-05
2.416E-05
2.416E-05
2.416E-05
2.416E-05
2.4296E-05
2.424E-05
2.432E-05
2.424E-05
2.432E-05
2.424E-05
2.44E-05
2.432E-05
2.424E-05
2.432E-05
2.432E-05
2.424E-05
2.424E-05
2.41944E-05
2.416E-05
2.416E-05
2.416E-05
2.41264E-05
2.408E-05
2.408E-05
2.4E-05
2.408E-05
2.4E-05
2.4E-05
2.392E-05
2.4E-05
2.39904E-05
2.392E-05
2.392E-05
2.392E-05
2.384E-05
2.39224E-05
2.384E-05
2.384E-05
2.384E-05
2.38544E-05
2.376E-05
2.384E-05
2.376E-05
2.376E-05
2.376E-05
2.376E-05
2.368E-05
2.368E-05
2.376E-05
2.38208E-05
2.376E-05
2.384E-05
2.368E-05
2.37528E-05
2.368E-05
2.368E-05
2.368E-05
2.368E-05
2.36E-05
2.352E-05
2.36E-05
2.35144E-05
2.352E-05
2.336E-05
2.336E-05
2.344E-05
2.344E-05
2.336E-05
2.344E-05
2.352E-05
2.352E-05
2.352E-05
2.352E-05
2.352E-05
2.36E-05
2.36E-05
2.36E-05
2.372E-05
2.36E-05
2.376E-05
2.376E-05
2.384E-05
2.376E-05
2.384E-05
2.376E-05
2.392E-05
2.384E-05
2.376E-05
2.37888E-05
2.376E-05
2.376E-05
2.376E-05
2.384E-05
2.376E-05
2.376E-05
2.376E-05
2.376E-05
2.376E-05
2.376E-05
2.384E-05
2.384E-05
2.384E-05
2.392E-05
2.384E-05
2.384E-05
2.376E-05
2.376E-05
2.37216E-05
2.376E-05
2.376E-05
2.376E-05
2.376E-05
2.368E-05
2.376E-05
2.376E-05
2.376E-05
2.384E-05
2.376E-05
2.376E-05
2.376E-05
2.384E-05
2.392E-05
2.392E-05
2.39272E-05
2.392E-05
2.4E-05
2.392E-05
2.392E-05
2.39616E-05
2.392E-05
2.392E-05
2.392E-05
2.38936E-05
2.4E-05
2.384E-05
2.384E-05
2.392E-05
2.38256E-05
2.3928E-05
2.384E-05
2.384E-05
2.384E-05
2.392E-05
2.392E-05
2.376E-05
2.376E-05
2.384E-05
2.376E-05
2.384E-05
2.376E-05
2.376E-05
2.376E-05
2.376E-05
2.384E-05
2.384E-05
2.392E-05
2.38608E-05
2.4E-05
2.392E-05
2.4E-05
2.408E-05
2.4E-05
2.408E-05
2.41E-05
2.42024E-05
2.408E-05
2.408E-05
2.424E-05
2.416E-05
2.416E-05
2.424E-05
2.424E-05
2.416E-05
2.424E-05
2.408E-05
2.416E-05
2.408E-05
2.4E-05
2.408E-05
2.4E-05
2.392E-05
2.40328E-05
2.4E-05
2.4E-05
2.4E-05
2.408E-05
2.4E-05
2.4E-05
2.4E-05
2.408E-05
2.4E-05
2.4E-05
2.4E-05
2.408E-05
2.408E-05
2.408E-05
2.408E-05
2.408E-05
2.424E-05
2.416E-05
2.416E-05
2.424E-05
2.42728E-05
2.432E-05
2.424E-05
2.44E-05
2.432E-05
2.43072E-05
2.432E-05
2.424E-05
2.432E-05
2.424E-05
2.424E-05
2.416E-05
2.424E-05
2.416E-05
2.416E-05
2.408E-05
2.408E-05
2.408E-05
2.4E-05
2.408E-05
2.408E-05
2.4E-05
2.392E-05
2.384E-05
2.4E-05
2.4E-05
2.392E-05
2.392E-05
2.384E-05
2.4E-05
2.4E-05
2.392E-05
2.408E-05
2.4E-05
2.416E-05
2.416E-05
2.424E-05
2.424E-05
2.424E-05
2.42408E-05
2.424E-05
2.424E-05
2.416E-05
2.424E-05
2.424E-05
2.408E-05
2.416E-05
2.408E-05
2.392E-05
2.4E-05
2.392E-05
2.392E-05
2.384E-05
2.384E-05
2.384E-05
2.376E-05
2.376E-05
2.376E-05
2.368E-05
2.3696E-05
2.376E-05
2.368E-05
2.368E-05
2.3628E-05
2.368E-05
2.37304E-05
2.36E-05
2.368E-05
2.368E-05
2.368E-05
2.376E-05
2.376E-05
2.376E-05
2.368E-05
2.384E-05
2.376E-05
2.376E-05
2.376E-05
2.376E-05
2.37312E-05
2.368E-05
2.368E-05
2.36E-05
2.368E-05
2.36632E-05
2.36E-05
2.36E-05
2.36E-05
2.352E-05
2.352E-05
2.352E-05
2.34248E-05
2.35272E-05
2.344E-05
2.344E-05
2.352E-05
2.344E-05
2.344E-05
2.344E-05
2.344E-05
2.344E-05
2.352E-05
2.344E-05
2.344E-05
2.344E-05
2.344E-05
2.344E-05
2.344E-05
2.36E-05
2.36E-05
2.352E-05
2.36E-05
2.36E-05
2.36E-05
2.368E-05
2.368E-05
2.376E-05
2.376E-05
2.376E-05
2.368E-05
2.384E-05
2.36E-05
2.368E-05
2.368E-05
2.36E-05
2.36E-05
2.36E-05
2.35632E-05
2.352E-05
2.352E-05
2.336E-05
2.344E-05
2.336E-05
2.336E-05
2.344E-05
2.336E-05
2.34272E-05
2.35296E-05
2.336E-05
2.344E-05
2.352E-05
2.352E-05
2.352E-05
2.336E-05
2.36E-05
2.352E-05
2.36E-05
2.36E-05
2.36E-05
2.36E-05
2.352E-05
2.36E-05
2.368E-05
2.352E-05
2.368E-05
2.368E-05
2.35648E-05
2.36672E-05
2.36E-05
2.36E-05
2.36E-05
2.368E-05
2.368E-05
2.376E-05
2.36E-05
2.36E-05
2.36E-05
2.36E-05
2.36E-05
2.36E-05
2.34632E-05
2.35656E-05
2.344E-05
2.344E-05
2.352E-05
2.352E-05
2.344E-05
2.336E-05
2.344E-05
2.336E-05
2.344E-05
2.336E-05
2.344E-05
2.336E-05
2.336E-05
2.33616E-05
2.336E-05
2.336E-05
2.344E-05
2.344E-05
2.344E-05
2.344E-05
2.336E-05
2.352E-05
2.352E-05
2.352E-05
2.352E-05
2.352E-05
2.352E-05
2.352E-05
2.36E-05
2.352E-05
2.352E-05
2.352E-05
2.352E-05
2.33968E-05
2.344E-05
2.344E-05
2.344E-05
2.336E-05
2.34312E-05
2.336E-05
2.336E-05
2.336E-05
2.33632E-05
2.328E-05
2.328E-05
2.32E-05
2.328E-05
2.31928E-05
2.328E-05
2.328E-05
2.336E-05
2.344E-05
2.344E-05
2.3432E-05
2.344E-05
2.36E-05
2.352E-05
2.352E-05
2.36E-05
2.36E-05
2.352E-05
2.36E-05
2.352E-05
2.36E-05
2.344E-05
2.36E-05
2.344E-05
2.344E-05
2.344E-05
2.344E-05
2.336E-05
2.352E-05
2.344E-05
2.336E-05
2.344E-05
2.352E-05
2.352E-05
2.33992E-05
2.336E-05
2.344E-05
2.328E-05
2.336E-05
2.328E-05
2.336E-05
2.336E-05
2.336E-05
2.344E-05
2.3468E-05
2.352E-05
2.35704E-05
2.368E-05
2.36E-05
2.368E-05
2.368E-05
2.37072E-05
2.368E-05
2.36E-05
2.376E-05
2.368E-05
2.352E-05
2.36E-05
2.36E-05
2.34688E-05
2.352E-05
2.344E-05
2.352E-05
2.352E-05
2.344E-05
2.344E-05
2.344E-05
2.344E-05
2.352E-05
2.35376E-05
2.344E-05
2.352E-05
2.336E-05
2.344E-05
2.328E-05
2.336E-05
2.336E-05
2.336E-05
2.336E-05
2.34016E-05
2.336E-05
2.344E-05
2.344E-05
2.344E-05
2.344E-05
2.35384E-05
2.352E-05
2.352E-05
2.368E-05
2.352E-05
2.368E-05
2.368E-05
2.36E-05
2.368E-05
2.376E-05
2.384E-05
2.376E-05
2.376E-05
2.376E-05
2.376E-05
2.368E-05
2.368E-05
2.368E-05
2.36E-05
2.35736E-05
2.36E-05
2.36E-05
2.352E-05
2.344E-05
2.352E-05
2.352E-05
2.352E-05
2.352E-05
2.352E-05
2.354E-05
2.36E-05
2.36E-05
2.36E-05
2.368E-05
2.368E-05
2.36E-05
2.368E-05
2.36E-05
2.36E-05
2.368E-05
2.376E-05
2.376E-05
2.384E-05
2.384E-05
2.384E-05
2.3848E-05
2.392E-05
2.384E-05
2.376E-05
2.384E-05
2.376E-05
2.376E-05
2.368E-05
2.352E-05
2.36096E-05
2.344E-05
2.344E-05
2.344E-05
2.336E-05
2.336E-05
2.328E-05
2.336E-05
2.328E-05
2.328E-05
2.336E-05
2.328E-05
2.328E-05
2.328E-05
2.336E-05
2.344E-05
2.336E-05
2.344E-05
2.344E-05
2.344E-05
2.344E-05
2.344E-05
2.336E-05
2.344E-05
2.344E-05
2.336E-05
2.344E-05
2.3304E-05
2.34064E-05
2.328E-05
2.344E-05
2.344E-05
2.344E-05
2.33384E-05
2.328E-05
2.328E-05
2.336E-05
2.32E-05
2.32E-05
2.32E-05
2.32E-05
2.312E-05
2.32E-05
2.312E-05
2.32E-05
2.304E-05
2.32E-05
2.32E-05
2.32E-05
2.312E-05
2.312E-05
2.32E-05
2.32E-05
2.312E-05
2.32E-05
2.32E-05
2.32E-05
2.32E-05
2.32E-05
2.328E-05
2.32E-05
2.328E-05
2.32376E-05
2.328E-05
2.32E-05
2.328E-05
2.328E-05
2.336E-05
2.344E-05
2.336E-05
2.336E-05
2.336E-05
2.336E-05
2.336E-05
2.328E-05
2.328E-05
2.32E-05
2.3136E-05
2.32E-05
2.32E-05
2.312E-05
2.296E-05
2.304E-05
2.296E-05
2.296E-05
2.304E-05
2.288E-05
2.296E-05
2.304E-05
2.296E-05
2.2932E-05
2.304E-05
2.304E-05
2.312E-05
2.304E-05
2.312E-05
2.32E-05
2.32736E-05
2.328E-05
2.328E-05
2.336E-05
2.336E-05
2.344E-05
2.34104E-05
2.34104E-05
2.344E-05
2.344E-05
2.336E-05
2.352E-05
2.344E-05
2.344E-05
2.336E-05
2.336E-05
2.32E-05
2.32E-05
2.328E-05
2.32E-05
2.304E-05
2.32E-05
2.32E-05
2.312E-05
2.32E-05
2.312E-05
2.32E-05
2.32E-05
2.32E-05
2.312E-05
2.32E-05
2.32E-05
2.304E-05
2.328E-05
2.32E-05
2.32072E-05
2.328E-05
2.328E-05
2.328E-05
2.328E-05
2.328E-05
2.328E-05
2.336E-05
2.328E-05
2.336E-05
2.328E-05
2.3276E-05
2.32E-05
2.328E-05
2.328E-05
2.328E-05
2.328E-05
2.328E-05
2.336E-05
2.336E-05
2.336E-05
2.328E-05
2.328E-05
2.312E-05
2.32E-05
2.32E-05
2.304E-05
2.312E-05
2.304E-05
2.304E-05
2.304E-05
2.312E-05
2.312E-05
2.312E-05
2.30384E-05
2.312E-05
2.304E-05
2.296E-05
2.304E-05
2.304E-05
2.304E-05
2.296E-05
2.304E-05
2.304E-05
2.312E-05
2.312E-05
2.32E-05
2.32E-05
2.328E-05
2.328E-05
2.3244E-05
2.33464E-05
2.328E-05
2.328E-05
2.328E-05
2.328E-05
2.336E-05
2.328E-05
2.328E-05
2.328E-05
2.328E-05
2.328E-05
2.32E-05
2.328E-05
2.32E-05
2.32448E-05
2.312E-05
2.32E-05
2.32E-05
2.312E-05
2.312E-05
2.32E-05
2.312E-05
2.312E-05
2.312E-05
2.32112E-05
2.32E-05
2.32E-05
2.32E-05
2.328E-05
2.328E-05
2.3348E-05
2.336E-05
2.336E-05
2.336E-05
2.344E-05
2.344E-05
2.336E-05
2.352E-05
2.344E-05
2.344E-05
2.336E-05
2.336E-05
2.336E-05
2.328E-05
2.328E-05
2.328E-05
2.344E-05
2.336E-05
2.352E-05
2.344E-05
2.344E-05
2.344E-05
2.336E-05
2.336E-05
2.336E-05
2.34176E-05
2.336E-05
2.336E-05
2.328E-05
2.336E-05
2.328E-05
2.336E-05
2.328E-05
2.32E-05
2.32816E-05
2.328E-05
2.344E-05
2.344E-05
2.352E-05
2.344E-05
2.352E-05
2.352E-05
2.352E-05
2.36E-05
2.36E-05
2.36E-05
2.36576E-05
2.36E-05
2.352E-05
2.352E-05
2.352E-05
2.36E-05
2.344E-05
2.352E-05
2.352E-05
2.352E-05
2.344E-05
2.344E-05
2.352E-05
2.344E-05
2.336E-05
2.344E-05
2.328E-05
2.336E-05
2.33856E-05
2.328E-05
2.328E-05
2.328E-05
2.328E-05
2.32E-05
2.328E-05
2.32E-05
2.32E-05
2.32E-05
2.312E-05
2.32E-05
2.32E-05
2.312E-05
2.312E-05
2.32E-05
2.32E-05
2.328E-05
2.336E-05
2.328E-05
2.328E-05
2.328E-05
2.328E-05
2.328E-05
2.32E-05
2.312E-05
2.328E-05
2.304E-05
2.312E-05
2.312E-05
2.296E-05
2.304E-05
2.296E-05
2.296E-05
2.304E-05
2.288E-05
2.28E-05
2.28E-05
2.264E-05
2.264E-05
2.264E-05
2.26712E-05
2.256E-05
2.264E-05
2.256E-05
2.256E-05
2.26032E-05
2.264E-05
2.264E-05
2.264E-05
2.264E-05
2.26376E-05
2.256E-05
2.272E-05
2.256E-05
2.25696E-05
2.264E-05
2.264E-05
2.256E-05
2.256E-05
2.25016E-05
2.256E-05
2.264E-05
2.256E-05
2.264E-05
2.264E-05
2.248E-05
2.24E-05
2.248E-05
2.24E-05
2.24E-05
2.24E-05
2.24E-05
2.24E-05
2.24E-05
2.232E-05
2.232E-05
2.24E-05
2.224E-05
2.216E-05
2.224E-05
2.232E-05
2.224E-05
2.224E-05
2.224E-05
2.2264E-05
2.232E-05
2.232E-05
2.232E-05
2.224E-05
2.232E-05
2.224E-05
2.24E-05
2.24E-05
2.248E-05
2.256E-05
2.25376E-05
2.248E-05
2.248E-05
2.256E-05
2.24E-05
2.256E-05
2.248E-05
2.264E-05
2.256E-05
2.264E-05
2.264E-05
2.256E-05
2.256E-05
2.248E-05
2.256E-05
2.248E-05
2.256E-05
2.248E-05
2.248E-05
2.256E-05
2.248E-05
2.24E-05
2.24E-05
2.24E-05
2.24E-05
2.23E-05
2.24E-05
2.232E-05
2.24E-05
2.24E-05
2.24E-05
2.24E-05
2.248E-05
2.256E-05
2.248E-05
2.256E-05
2.248E-05
2.248E-05
2.248E-05
2.256E-05
2.256E-05
2.248E-05
2.256E-05
2.248E-05
2.264E-05
2.256E-05
2.248E-05
2.254E-05
2.256E-05
2.256E-05
2.248E-05
2.248E-05
2.248E-05
2.248E-05
2.256E-05
2.24E-05
2.248E-05
2.24E-05
2.248E-05
2.24E-05
2.24E-05
2.24E-05
2.248E-05
2.24E-05
2.232E-05
2.24E-05
2.24E-05
2.24E-05
2.24E-05
2.248E-05
2.248E-05
2.248E-05
2.256E-05
2.26096E-05
2.248E-05
2.264E-05
2.264E-05
2.256E-05
2.264E-05
2.264E-05
2.264E-05
2.264E-05
2.272E-05
2.264E-05
2.264E-05
2.264E-05
2.264E-05
2.264E-05
2.264E-05
2.256E-05
2.27128E-05
2.256E-05
2.248E-05
2.248E-05
2.248E-05
2.248E-05
2.24E-05
2.232E-05
2.232E-05
2.232E-05
2.232E-05
2.232E-05
2.224E-05
2.232E-05
2.232E-05
2.232E-05
2.232E-05
2.248E-05
2.24408E-05
2.24E-05
2.24E-05
2.248E-05
2.248E-05
2.248E-05
2.248E-05
2.248E-05
2.256E-05
2.264E-05
2.256E-05
2.256E-05
2.264E-05
2.256E-05
2.256E-05
2.256E-05
2.248E-05
2.248E-05
2.248E-05
2.256E-05
2.248E-05
2.2476E-05
2.24E-05
2.248E-05
2.248E-05
2.224E-05
2.224E-05
2.232E-05
2.232E-05
2.232E-05
2.22376E-05
2.224E-05
2.224E-05
2.224E-05
2.224E-05
2.224E-05
2.2272E-05
2.224E-05
2.224E-05
2.224E-05
2.232E-05
2.232E-05
2.232E-05
2.248E-05
2.248E-05
2.248E-05
2.248E-05
2.25456E-05
2.248E-05
2.256E-05
2.248E-05
2.248E-05
2.256E-05
2.248E-05
2.256E-05
2.24E-05
2.24E-05
2.24E-05
2.224E-05
2.224E-05
2.24E-05
2.216E-05
2.23416E-05
2.224E-05
2.224E-05
2.224E-05
2.21712E-05
2.224E-05
2.232E-05
2.224E-05
2.224E-05
2.224E-05
2.2308E-05
2.248E-05
2.232E-05
2.248E-05
2.248E-05
2.248E-05
2.248E-05
2.248E-05
2.248E-05
2.256E-05
2.248E-05
2.256E-05
2.256E-05
2.264E-05
2.256E-05
2.264E-05
2.256E-05
2.256E-05
2.2616E-05
2.256E-05
2.256E-05
2.248E-05
2.24E-05
2.248E-05
2.24E-05
2.232E-05
2.232E-05
2.232E-05
2.224E-05
2.224E-05
2.216E-05
2.22072E-05
2.224E-05
2.216E-05
2.224E-05
2.224E-05
2.224E-05
2.224E-05
2.24E-05
2.232E-05
2.232E-05
2.232E-05
2.24E-05
2.248E-05
2.24E-05
2.248E-05
2.248E-05
2.248E-05
2.248E-05
2.248E-05
2.248E-05
2.264E-05
2.256E-05
2.25496E-05
2.256E-05
2.264E-05
2.264E-05
2.264E-05
2.2584E-05
2.26864E-05
2.264E-05
2.256E-05
2.256E-05
2.256E-05
2.2516E-05
2.248E-05
2.248E-05
2.232E-05
2.24E-05
2.232E-05
2.232E-05
2.224E-05
2.232E-05
2.216E-05
2.224E-05
2.224E-05
2.224E-05
2.232E-05
2.2312E-05
2.224E-05
2.232E-05
2.232E-05
2.2244E-05
2.2244E-05
2.24E-05
2.224E-05
2.232E-05
2.232E-05
2.248E-05
2.24E-05
2.232E-05
2.24E-05
2.24E-05
2.24E-05
2.24152E-05
2.25176E-05
2.24E-05
2.248E-05
2.248E-05
2.248E-05
2.24E-05
2.248E-05
2.232E-05
2.232E-05
2.216E-05
2.216E-05
2.224E-05
2.216E-05
2.216E-05
2.208E-05
2.208E-05
2.208E-05
2.208E-05
2.2E-05
2.208E-05
2.208E-05
2.208E-05
2.216E-05
2.216E-05
2.208E-05
2.216E-05
2.224E-05
2.216E-05
2.232E-05
2.2212E-05
2.232E-05
2.224E-05
2.216E-05
2.216E-05
2.216E-05
2.224E-05
2.224E-05
2.232E-05
2.224E-05
2.224E-05
2.224E-05
2.224E-05
2.232E-05
2.216E-05
2.224E-05
2.232E-05
2.216E-05
2.216E-05
2.216E-05
2.208E-05
2.208E-05
2.216E-05
2.2E-05
2.208E-05
2.208E-05
2.208E-05
2.192E-05
2.192E-05
2.192E-05
2.192E-05
2.184E-05
2.192E-05
2.192E-05
2.18384E-05
2.184E-05
2.192E-05
2.184E-05
2.2E-05
2.192E-05
2.19752E-05
2.2E-05
2.192E-05
2.2E-05
2.192E-05
2.192E-05
2.192E-05
2.192E-05
2.192E-05
2.192E-05
2.19416E-05
2.184E-05
2.176E-05
2.184E-05
2.184E-05
2.17712E-05
2.184E-05
2.168E-05
2.168E-05
2.176E-05
2.176E-05
2.168E-05
2.168E-05
2.16E-05
2.168E-05
2.16E-05
2.16E-05
2.168E-05
2.16E-05
2.16E-05
2.16E-05
2.168E-05
2.168E-05
2.16E-05
2.176E-05
2.1704E-05
2.176E-05
2.176E-05
2.184E-05
2.184E-05
2.176E-05
2.17384E-05
2.176E-05
2.184E-05
2.184E-05
2.176E-05
2.176E-05
2.184E-05
2.168E-05
2.184E-05
2.168E-05
2.17048E-05
2.176E-05
2.16E-05
2.168E-05
2.16E-05
2.168E-05
2.168E-05
2.16E-05
2.168E-05
2.16E-05
2.168E-05
2.16712E-05
2.168E-05
2.176E-05
2.16E-05
2.168E-05
2.168E-05
2.168E-05
2.168E-05
2.176E-05
2.184E-05
2.168E-05
2.176E-05
2.176E-05
2.176E-05
2.176E-05
2.176E-05
2.184E-05
2.184E-05
2.18768E-05
2.184E-05
2.184E-05
2.184E-05
2.184E-05
2.184E-05
2.184E-05
2.184E-05
2.184E-05
2.17408E-05
2.176E-05
2.168E-05
2.168E-05
2.16E-05
2.16E-05
2.16E-05
2.152E-05
2.16E-05
2.16E-05
2.16048E-05
2.16E-05
2.16E-05
2.16E-05
2.168E-05
2.176E-05
2.168E-05
2.168E-05
2.168E-05
2.168E-05
2.176E-05
2.16E-05
2.168E-05
2.16E-05
2.168E-05
2.168E-05
2.168E-05
2.16E-05
2.168E-05
2.168E-05
2.168E-05
2.168E-05
2.168E-05
2.17424E-05
2.176E-05
2.168E-05
2.176E-05
2.176E-05
2.168E-05
2.168E-05
2.16E-05
2.168E-05
2.168E-05
2.168E-05
2.16E-05
2.168E-05
2.168E-05
2.16408E-05
2.168E-05
2.168E-05
2.152E-05
2.152E-05
2.15728E-05
2.152E-05
2.168E-05
2.152E-05
2.152E-05
2.14024E-05
2.15048E-05
2.136E-05
2.144E-05
2.144E-05
2.144E-05
2.152E-05
2.16E-05
2.16E-05
2.152E-05
2.16E-05
2.152E-05
2.15736E-05
2.16E-05
2.16E-05
2.152E-05
2.152E-05
2.15056E-05
2.152E-05
2.152E-05
2.144E-05
2.144E-05
2.144E-05
2.136E-05
2.128E-05
2.136E-05
2.13696E-05
2.128E-05
2.128E-05
2.12E-05
2.12E-05
2.12E-05
2.12E-05
2.12E-05
2.12E-05
2.12E-05
2.128E-05
2.12336E-05
2.136E-05
2.12E-05
2.136E-05
2.136E-05
2.136E-05
2.136E-05
2.144E-05
2.144E-05
2.144E-05
2.144E-05
2.152E-05
2.15072E-05
2.15072E-05
2.144E-05
2.152E-05
2.144E-05
2.152E-05
2.144E-05
2.136E-05
2.144E-05
2.136E-05
2.13712E-05
2.128E-05
2.136E-05
2.144E-05
2.136E-05
2.136E-05
2.136E-05
2.136E-05
2.136E-05
2.136E-05
2.128E-05
2.12E-05
2.136E-05
2.12E-05
2.128E-05
2.12696E-05
2.1372E-05
2.12E-05
2.144E-05
2.136E-05
2.136E-05
2.144E-05
2.14064E-05
2.144E-05
2.152E-05
2.152E-05
2.16E-05
2.16E-05
2.16E-05
2.176E-05
2.16E-05
2.16E-05
2.168E-05
2.16E-05
2.152E-05
2.144E-05
2.144E-05
2.136E-05
2.144E-05
2.136E-05
2.128E-05
2.128E-05
2.128E-05
2.128E-05
2.128E-05
2.12E-05
2.136E-05
2.136E-05
2.12712E-05
2.136E-05
2.128E-05
2.136E-05
2.144E-05
2.136E-05
2.144E-05
2.1408E-05
2.144E-05
2.144E-05
2.144E-05
2.144E-05
2.168E-05
2.144E-05
2.152E-05
2.16E-05
2.16E-05
2.16E-05
2.168E-05
2.152E-05
2.16816E-05
2.168E-05
2.16E-05
2.16E-05
2.16E-05
2.152E-05
2.152E-05
2.144E-05
2.14432E-05
2.14432E-05
2.144E-05
2.128E-05
2.136E-05
2.136E-05
2.128E-05
2.12E-05
2.12E-05
2.12048E-05
2.12E-05
2.12E-05
2.128E-05
2.128E-05
2.128E-05
2.128E-05
2.128E-05
2.136E-05
2.144E-05
2.136E-05
2.144E-05
2.136E-05
2.136E-05
2.152E-05
2.144E-05
2.144E-05
2.144E-05
2.14104E-05
2.152E-05
2.144E-05
2.144E-05
2.144E-05
2.144E-05
2.136E-05
2.144E-05
2.144E-05
2.144E-05
2.144E-05
2.13768E-05
2.144E-05
2.128E-05
2.136E-05
2.136E-05
2.12E-05
2.128E-05
2.128E-05
2.12E-05
2.12E-05
2.112E-05
2.112E-05
2.12E-05
2.112E-05
2.128E-05
2.128E-05
2.12752E-05
2.128E-05
2.128E-05
2.128E-05
2.128E-05
2.136E-05
2.136E-05
2.128E-05
2.144E-05
2.136E-05
2.144E-05
2.14464E-05
2.136E-05
2.136E-05
2.136E-05
2.136E-05
2.136E-05
2.13784E-05
2.136E-05
2.128E-05
2.128E-05
2.136E-05
2.128E-05
2.128E-05
2.12E-05
2.12E-05
2.12424E-05
2.12424E-05
2.12E-05
2.128E-05
2.128E-05
2.128E-05
2.128E-05
2.136E-05
2.128E-05
2.128E-05
2.128E-05
2.128E-05
2.128E-05
2.128E-05
2.12E-05
2.136E-05
2.128E-05
2.136E-05
2.128E-05
2.128E-05
2.128E-05
2.136E-05
2.12E-05
2.136E-05
2.128E-05
2.128E-05
2.128E-05
2.128E-05
2.136E-05
2.136E-05
2.128E-05
2.136E-05
2.136E-05
2.136E-05
2.128E-05
2.136E-05
2.128E-05
2.136E-05
2.128E-05
2.12784E-05
2.128E-05
2.12E-05
2.112E-05
2.12E-05
2.12104E-05
2.112E-05
2.12E-05
2.112E-05
2.12E-05
2.12E-05
2.112E-05
2.12E-05
2.12E-05
2.12E-05
2.11768E-05
2.112E-05
2.112E-05
2.128E-05
2.12E-05
2.128E-05
2.12E-05
2.12112E-05
2.128E-05
2.128E-05
2.128E-05
2.128E-05
2.128E-05
2.128E-05
2.128E-05
2.128E-05
2.128E-05
2.112E-05
2.12E-05
2.12E-05
2.112E-05
2.104E-05
2.10072E-05
2.104E-05
2.104E-05
2.104E-05
2.104E-05
2.10416E-05
2.104E-05
2.104E-05
2.104E-05
2.104E-05
2.104E-05
2.104E-05
2.112E-05
2.104E-05
2.104E-05
2.12E-05
2.11104E-05
2.12E-05
2.12128E-05
2.12E-05
2.12E-05
2.12E-05
2.12E-05
2.12472E-05
2.112E-05
2.128E-05
2.12E-05
2.128E-05
2.12816E-05
2.128E-05
2.128E-05
2.128E-05
2.128E-05
2.128E-05
2.112E-05
2.128E-05
2.112E-05
2.112E-05
2.11456E-05
2.104E-05
2.104E-05
2.104E-05
2.104E-05
2.09752E-05
2.096E-05
2.088E-05
2.096E-05
2.088E-05
2.104E-05
2.096E-05
2.088E-05
2.088E-05
2.088E-05
2.096E-05
2.096E-05
2.104E-05
2.096E-05
2.104E-05
2.104E-05
2.112E-05
2.12E-05
2.112E-05
2.12E-05
2.12E-05
2.112E-05
2.12E-05
2.12E-05
2.12152E-05
2.112E-05
2.128E-05
2.12E-05
2.12E-05
2.12E-05
2.104E-05
2.112E-05
2.104E-05
2.09768E-05
2.104E-05
2.088E-05
2.088E-05
2.088E-05
2.08064E-05
2.088E-05
2.088E-05
2.088E-05
2.096E-05
2.096E-05
2.088E-05
2.096E-05
2.104E-05
2.096E-05
2.088E-05
2.096E-05
2.104E-05
2.104E-05
2.104E-05
2.096E-05
2.096E-05
2.1012E-05
2.088E-05
2.096E-05
2.096E-05
2.096E-05
2.096E-05
2.088E-05
2.08E-05
2.088E-05
2.08E-05
2.088E-05
2.0876E-05
2.088E-05
2.088E-05
2.096E-05
2.104E-05
2.09104E-05
2.096E-05
2.096E-05
2.096E-05
2.088E-05
2.088E-05
2.088E-05
2.088E-05
2.096E-05
2.088E-05
2.088E-05
2.096E-05
2.08E-05
2.08E-05
2.08E-05
2.088E-05
2.088E-05
2.088E-05
2.088E-05
2.08E-05
2.08E-05
2.088E-05
2.08432E-05
2.096E-05
2.096E-05
2.104E-05
2.088E-05
2.112E-05
2.112E-05
2.104E-05
2.104E-05
2.104E-05
2.104E-05
2.104E-05
2.096E-05
2.104E-05
2.096E-05
2.088E-05
2.088E-05
2.0844E-05
2.08E-05
2.08E-05
2.072E-05
2.072E-05
2.064E-05
2.08E-05
2.064E-05
2.072E-05
2.072E-05
2.06056E-05
2.072E-05
2.072E-05
2.08E-05
2.08E-05
2.088E-05
2.08448E-05
2.088E-05
2.088E-05
2.096E-05
2.096E-05
2.096E-05
2.096E-05
2.104E-05
2.096E-05
2.096E-05
2.104E-05
2.088E-05
2.088E-05
2.09136E-05
2.088E-05
2.08E-05
2.08E-05
2.08E-05
2.064E-05
2.064E-05
2.072E-05
2.064E-05
2.064E-05
2.064E-05
2.064E-05
2.064E-05
2.064E-05
2.056E-05
2.064E-05
2.056E-05
2.056E-05
2.056E-05
2.064E-05
2.056E-05
2.056E-05
2.048E-05
2.056E-05
2.04712E-05
2.048E-05
2.056E-05
2.056E-05
2.056E-05
2.064E-05
2.0608E-05
2.064E-05
2.064E-05
2.072E-05
2.072E-05
2.08E-05
2.08E-05
2.072E-05
2.08E-05
2.08E-05
2.072E-05
2.072E-05
2.06768E-05
2.072E-05
2.072E-05
2.064E-05
2.064E-05
2.064E-05
2.064E-05
2.064E-05
2.056E-05
2.056E-05
2.05408E-05
2.05408E-05
2.056E-05
2.048E-05
2.048E-05
2.048E-05
2.056E-05
2.048E-05
2.048E-05
2.048E-05
2.048E-05
2.04048E-05
2.048E-05
2.056E-05
2.048E-05
2.064E-05
2.056E-05
2.064E-05
2.064E-05
2.08E-05
2.072E-05
2.08E-05
2.072E-05
2.064E-05
2.08E-05
2.072E-05
2.072E-05
2.064E-05
2.064E-05
2.056E-05
2.056E-05
2.048E-05
2.048E-05
2.044E-05
2.032E-05
2.032E-05
2.024E-05
2.024E-05
2.024E-05
2.024E-05
2.024E-05
2.016E-05
2.032E-05
2.024E-05
2.032E-05
2.04E-05
2.032E-05
2.04E-05
2.048E-05
2.048E-05
2.048E-05
2.048E-05
2.048E-05
2.048E-05
2.048E-05
2.056E-05
2.048E-05
2.05776E-05
2.056E-05
2.056E-05
2.048E-05
2.048E-05
2.05096E-05
2.048E-05
2.048E-05
2.048E-05
2.048E-05
2.048E-05
2.048E-05
2.04E-05
2.04E-05
2.04E-05
2.048E-05
2.048E-05
2.04E-05
2.032E-05
2.032E-05
2.032E-05
2.032E-05
2.024E-05
2.024E-05
2.024E-05
2.024E-05
2.02376E-05
2.02376E-05
2.008E-05
2.024E-05
2.032E-05
2.024E-05
2.032E-05
2.032E-05
2.03744E-05
2.032E-05
2.024E-05
2.032E-05
2.03064E-05
2.024E-05
2.024E-05
2.024E-05
2.032E-05
2.032E-05
2.032E-05
2.04432E-05
2.04432E-05
2.048E-05
2.048E-05
2.048E-05
2.032E-05
2.03752E-05
2.032E-05
2.04E-05
2.032E-05
2.024E-05
2.024E-05
2.024E-05
2.016E-05
2.024E-05
2.01368E-05
2.008E-05
2.016E-05
2.016E-05
2.008E-05
2.00688E-05
2.016E-05
2.016E-05
2.016E-05
2.016E-05
2.024E-05
2.024E-05
2.024E-05
2.024E-05
2.024E-05
2.032E-05
2.032E-05
2.04E-05
2.03424E-05
2.03424E-05
2.04E-05
2.024E-05
2.032E-05
2.032E-05
2.032E-05
2.024E-05
2.024E-05
2.024E-05
2.016E-05
2.016E-05
2.008E-05
2E-05
2E-05
2E-05
2E-05
1.984E-05
1.992E-05
1.984E-05
1.98656E-05
1.984E-05
1.992E-05
1.984E-05
1.984E-05
1.984E-05
1.99E-05
2E-05
1.984E-05
1.976E-05
1.976E-05
1.992E-05
1.984E-05
1.984E-05
1.992E-05
1.992E-05
1.984E-05
1.992E-05
1.992E-05
1.99688E-05
1.992E-05
1.992E-05
1.992E-05
1.984E-05
2.00032E-05
1.992E-05
1.984E-05
2E-05
2E-05
1.992E-05
2E-05
2.00376E-05
1.984E-05
1.992E-05
1.992E-05
1.98672E-05
1.976E-05
1.984E-05
1.976E-05
1.976E-05
1.976E-05
1.976E-05
1.968E-05
1.976E-05
1.976E-05
1.976E-05
1.968E-05
1.96E-05
1.968E-05
1.968E-05
1.968E-05
1.976E-05
1.968E-05
1.976E-05
1.976E-05
1.96E-05
1.968E-05
1.976E-05
1.976E-05
1.976E-05
1.976E-05
1.968E-05
1.976E-05
1.9732E-05
1.96E-05
1.96E-05
1.952E-05
1.96E-05
1.95616E-05
1.952E-05
1.952E-05
1.952E-05
1.944E-05
1.944E-05
1.936E-05
1.944E-05
1.936E-05
1.944E-05
1.936E-05
1.94256E-05
1.94256E-05
1.936E-05
1.944E-05
1.944E-05
1.936E-05
1.952E-05
1.946E-05
1.944E-05
1.952E-05
1.96E-05
1.944E-05
1.94944E-05
1.96E-05
1.952E-05
1.952E-05
1.952E-05
1.952E-05
1.96E-05
1.96E-05
1.952E-05
1.96E-05
1.952E-05
1.96E-05
1.96E-05
1.952E-05
1.96E-05
1.96E-05
1.96E-05
1.96E-05
1.94952E-05
1.944E-05
1.936E-05
1.944E-05
1.944E-05
1.93248E-05
1.952E-05
1.944E-05
1.944E-05
1.936E-05
1.944E-05
1.952E-05
1.936E-05
1.952E-05
1.96E-05
1.952E-05
1.96E-05
1.96E-05
1.952E-05
1.952E-05
1.95984E-05
1.96E-05
1.952E-05
1.952E-05
1.952E-05
1.968E-05
1.96E-05
1.952E-05
1.968E-05
1.968E-05
1.96E-05
1.96672E-05
1.96E-05
1.968E-05
1.96E-05
1.96E-05
1.968E-05
1.95992E-05
1.97016E-05
1.96E-05
1.968E-05
1.96E-05
1.96E-05
1.96E-05
1.952E-05
1.96E-05
1.944E-05
1.94632E-05
1.94632E-05
1.944E-05
1.944E-05
1.936E-05
1.944E-05
1.944E-05
1.94976E-05
1.96E-05
1.96E-05
1.96E-05
1.968E-05
1.984E-05
1.976E-05
1.984E-05
1.976E-05
1.984E-05
1.984E-05
1.976E-05
1.976E-05
1.984E-05
1.97712E-05
1.976E-05
1.976E-05
1.968E-05
1.968E-05
1.968E-05
1.96E-05
1.96E-05
1.968E-05
1.96E-05
1.96352E-05
1.96352E-05
1.96E-05
1.96E-05
1.952E-05
1.96E-05
1.96E-05
1.96E-05
1.952E-05
1.968E-05
1.96E-05
1.96E-05
1.96E-05
1.96E-05
1.96E-05
1.968E-05
1.968E-05
1.968E-05
1.968E-05
1.968E-05
1.97384E-05
1.976E-05
1.984E-05
1.976E-05
1.984E-05
1.984E-05
2E-05
1.99776E-05
1.992E-05
2.008E-05
2E-05
2E-05
1.992E-05
1.992E-05
1.992E-05
1.984E-05
1.992E-05
1.992E-05
1.98416E-05
1.976E-05
1.976E-05
1.976E-05
1.976E-05
1.984E-05
1.976E-05
1.968E-05
1.984E-05
1.976E-05
1.96E-05
1.96E-05
1.968E-05
1.968E-05
1.976E-05
1.976E-05
1.974E-05
1.976E-05
1.984E-05
1.992E-05
1.992E-05
1.992E-05
2E-05
1.992E-05
2E-05
2.008E-05
2.008E-05
2.008E-05
2.008E-05
2.008E-05
2.008E-05
2.00136E-05
2.008E-05
1.992E-05
1.984E-05
1.992E-05
1.984E-05
1.984E-05
1.984E-05
1.984E-05
1.97752E-05
1.984E-05
1.976E-05
1.976E-05
1.968E-05
1.97072E-05
1.976E-05
1.96E-05
1.96E-05
1.968E-05
1.968E-05
1.968E-05
1.984E-05
1.976E-05
1.976E-05
1.984E-05
1.992E-05
1.992E-05
2E-05
1.992E-05
2E-05
1.992E-05
2E-05
1.992E-05
1.984E-05
1.992E-05
1.992E-05
2E-05
2E-05
1.992E-05
1.99472E-05
2E-05
1.984E-05
1.976E-05
1.992E-05
1.97768E-05
1.98792E-05
1.992E-05
1.976E-05
1.968E-05
1.976E-05
1.97088E-05
1.968E-05
1.96E-05
1.968E-05
1.96408E-05
1.96408E-05
1.96E-05
1.968E-05
1.968E-05
1.976E-05
1.976E-05
1.97776E-05
1.97776E-05
1.968E-05
1.984E-05
1.976E-05
1.976E-05
1.976E-05
1.976E-05
1.984E-05
1.984E-05
1.992E-05
1.984E-05
1.976E-05
1.984E-05
1.984E-05
1.976E-05
1.992E-05
1.976E-05
1.984E-05
1.97784E-05
1.984E-05
1.992E-05
1.976E-05
1.97104E-05
1.976E-05
1.968E-05
1.968E-05
1.976E-05
1.968E-05
1.968E-05
1.968E-05
1.96E-05
1.976E-05
1.968E-05
1.968E-05
1.96768E-05
1.968E-05
1.976E-05
1.976E-05
1.968E-05
1.984E-05
1.97112E-05
1.976E-05
1.98136E-05
1.992E-05
1.984E-05
1.976E-05
1.984E-05
1.9848E-05
1.9848E-05
1.992E-05
1.992E-05
1.992E-05
1.978E-05
1.984E-05
1.976E-05
1.976E-05
1.968E-05
1.968E-05
1.96096E-05
1.952E-05
1.968E-05
1.952E-05
1.95416E-05
1.96E-05
1.952E-05
1.96E-05
1.96E-05
1.952E-05
1.968E-05
1.96E-05
1.96E-05
1.968E-05
1.968E-05
1.968E-05
1.968E-05
1.96E-05
1.968E-05
1.968E-05
1.976E-05
1.968E-05
1.976E-05
1.984E-05
1.992E-05
1.98496E-05
1.992E-05
1.992E-05
1.992E-05
1.976E-05
1.976E-05
1.984E-05
1.976E-05
1.976E-05
1.976E-05
1.97136E-05
1.976E-05
1.968E-05
1.96E-05
1.96E-05
1.96E-05
1.952E-05
1.944E-05
1.952E-05
1.96E-05
1.952E-05
1.95776E-05
1.95776E-05
1.952E-05
1.968E-05
1.96E-05
1.952E-05
1.96E-05
1.968E-05
1.952E-05
1.968E-05
1.968E-05
1.968E-05
1.96E-05
1.96464E-05
1.968E-05
1.96E-05
1.968E-05
1.96E-05
1.96E-05
1.96E-05
1.96E-05
1.952E-05
1.96E-05
1.96E-05
1.95104E-05
1.96E-05
1.952E-05
1.952E-05
1.952E-05
1.952E-05
1.96E-05
1.944E-05
1.96E-05
1.96E-05
1.952E-05
1.96E-05
1.952E-05
1.936E-05
1.944E-05
1.936E-05
1.93064E-05
1.928E-05
1.928E-05
1.936E-05
1.936E-05
1.928E-05
1.928E-05
1.936E-05
1.928E-05
1.928E-05
1.928E-05
1.936E-05
1.936E-05
1.944E-05
1.928E-05
1.944E-05
1.944E-05
1.944E-05
1.94096E-05
1.944E-05
1.952E-05
1.944E-05
1.952E-05
1.944E-05
1.944E-05
1.9444E-05
1.944E-05
1.944E-05
1.928E-05
1.928E-05
1.936E-05
1.928E-05
1.928E-05
1.928E-05
1.928E-05
1.928E-05
1.928E-05
1.92E-05
1.928E-05
1.928E-05
1.92E-05
1.92E-05
1.92E-05
1.92E-05
1.912E-05
1.912E-05
1.912E-05
1.912E-05
1.92E-05
1.928E-05
1.928E-05
1.936E-05
1.936E-05
1.936E-05
1.944E-05
1.94112E-05
1.944E-05
1.936E-05
1.944E-05
1.936E-05
1.93432E-05
1.936E-05
1.936E-05
1.936E-05
1.936E-05
1.928E-05
1.928E-05
1.928E-05
1.928E-05
1.928E-05
1.92E-05
1.92072E-05
1.912E-05
1.92E-05
1.904E-05
1.904E-05
1.904E-05
1.904E-05
1.904E-05
1.912E-05
1.912E-05
1.912E-05
1.90712E-05
1.912E-05
1.912E-05
1.912E-05
1.912E-05
1.92E-05
1.91056E-05
1.92E-05
1.928E-05
1.92E-05
1.928E-05
1.928E-05
1.928E-05
1.928E-05
1.93448E-05
1.928E-05
1.928E-05
1.928E-05
1.928E-05
1.91744E-05
1.928E-05
1.912E-05
1.912E-05
1.912E-05
1.904E-05
1.904E-05
1.904E-05
1.904E-05
1.896E-05
1.8936E-05
1.8936E-05
1.896E-05
1.888E-05
1.888E-05
1.88E-05
1.88E-05
1.88E-05
1.88E-05
1.88E-05
1.888E-05
1.88E-05
1.89024E-05
1.896E-05
1.896E-05
1.896E-05
1.896E-05
1.904E-05
1.904E-05
1.904E-05
1.90392E-05
1.904E-05
1.904E-05
1.904E-05
1.904E-05
1.904E-05
1.904E-05
1.912E-05
1.904E-05
1.888E-05
1.904E-05
1.896E-05
1.888E-05
1.896E-05
1.896E-05
1.88E-05
1.888E-05
1.888E-05
1.888E-05
1.88E-05
1.88E-05
1.872E-05
1.872E-05
1.872E-05
1.872E-05
1.872E-05
1.872E-05
1.86992E-05
1.88E-05
1.88016E-05
1.88E-05
1.88E-05
1.88E-05
1.88E-05
1.888E-05
1.888E-05
1.888E-05
1.888E-05
1.896E-05
1.896E-05
1.888E-05
1.88E-05
1.88E-05
1.88E-05
1.88E-05
1.872E-05
1.88E-05
1.88E-05
1.872E-05
1.88E-05
1.872E-05
1.88E-05
1.864E-05
1.872E-05
1.88E-05
1.88E-05
1.872E-05
1.872E-05
1.86664E-05
1.856E-05
1.87688E-05
1.856E-05
1.856E-05
1.856E-05
1.8496E-05
1.856E-05
1.864E-05
1.856E-05
1.864E-05
1.864E-05
1.88E-05
1.872E-05
1.872E-05
1.88E-05
1.872E-05
1.872E-05
1.872E-05
1.87696E-05
1.872E-05
1.872E-05
1.872E-05
1.872E-05
1.864E-05
1.87016E-05
1.872E-05
1.864E-05
1.88E-05
1.872E-05
1.872E-05
1.872E-05
1.864E-05
1.8736E-05
1.856E-05
1.856E-05
1.848E-05
1.848E-05
1.84E-05
1.84E-05
1.84E-05
1.83952E-05
1.84E-05
1.84E-05
1.832E-05
1.856E-05
1.848E-05
1.848E-05
1.848E-05
1.848E-05
1.86344E-05
1.856E-05
1.864E-05
1.864E-05
1.864E-05
1.872E-05
1.872E-05
1.872E-05
1.87712E-05
1.872E-05
1.872E-05
1.872E-05
1.856E-05
1.864E-05
1.864E-05
1.856E-05
1.864E-05
1.856E-05
1.864E-05
1.856E-05
1.864E-05
1.848E-05
1.848E-05
1.84648E-05
1.85672E-05
1.848E-05
1.84E-05
1.84E-05
1.84E-05
1.82944E-05
1.83968E-05
1.832E-05
1.832E-05
1.832E-05
1.824E-05
1.82264E-05
1.83288E-05
1.832E-05
1.832E-05
1.84E-05
1.84E-05
1.84E-05
1.84E-05
1.84656E-05
1.84E-05
1.84E-05
1.84E-05
1.84E-05
1.848E-05
1.848E-05
1.84E-05
1.84E-05
1.848E-05
1.84E-05
1.84E-05
1.832E-05
1.84E-05
1.832E-05
1.824E-05
1.82616E-05
1.832E-05
1.824E-05
1.824E-05
1.824E-05
1.824E-05
1.816E-05
1.81936E-05
1.816E-05
1.808E-05
1.816E-05
1.80232E-05
1.808E-05
1.808E-05
1.816E-05
1.824E-05
1.816E-05
1.832E-05
1.832E-05
1.832E-05
1.84E-05
1.83648E-05
1.84E-05
1.856E-05
1.84E-05
1.848E-05
1.848E-05
1.83992E-05
1.85016E-05
1.848E-05
1.84E-05
1.856E-05
1.856E-05
1.84E-05
1.84336E-05
1.84E-05
1.832E-05
1.824E-05
1.808E-05
1.816E-05
1.808E-05
1.8E-05
1.808E-05
1.8E-05
1.792E-05
1.8E-05
1.792E-05
1.8E-05
1.792E-05
1.80248E-05
1.8E-05
1.8E-05
1.8E-05
1.8E-05
1.8E-05
1.808E-05
1.80592E-05
1.808E-05
1.8E-05
1.816E-05
1.816E-05
1.816E-05
1.816E-05
1.816E-05
1.824E-05
1.816E-05
1.824E-05
1.824E-05
1.816E-05
1.824E-05
1.82304E-05
1.816E-05
1.824E-05
1.816E-05
1.816E-05
1.808E-05
1.806E-05
1.8E-05
1.8E-05
1.8E-05
1.792E-05
1.792E-05
1.808E-05
1.784E-05
1.792E-05
1.784E-05
1.792E-05
1.792E-05
1.792E-05
1.792E-05
1.792E-05
1.8E-05
1.792E-05
1.792E-05
1.792E-05
1.8E-05
1.80608E-05
1.8E-05
1.808E-05
1.808E-05
1.808E-05
1.816E-05
1.808E-05
1.808E-05
1.808E-05
1.8E-05
1.8E-05
1.80272E-05
1.8E-05
1.8E-05
1.792E-05
1.792E-05
1.78568E-05
1.792E-05
1.784E-05
1.784E-05
1.784E-05
1.776E-05
1.784E-05
1.77888E-05
1.776E-05
1.768E-05
1.776E-05
1.784E-05
1.776E-05
1.776E-05
1.78232E-05
1.776E-05
1.784E-05
1.784E-05
1.784E-05
1.792E-05
1.784E-05
1.796E-05
1.796E-05
1.8E-05
1.792E-05
1.792E-05
1.8E-05
1.792E-05
1.8E-05
1.792E-05
1.784E-05
1.784E-05
1.784E-05
1.792E-05
1.784E-05
1.776E-05
1.776E-05
1.784E-05
1.784E-05
1.7756E-05
1.776E-05
1.776E-05
1.776E-05
1.776E-05
1.776E-05
1.784E-05
1.784E-05
1.776E-05
1.776E-05
1.776E-05
1.776E-05
1.768E-05
1.768E-05
1.776E-05
1.768E-05
1.768E-05
1.768E-05
1.768E-05
1.776E-05
1.768E-05
1.76E-05
1.76E-05
1.76E-05
1.752E-05
1.75864E-05
1.768E-05
1.76E-05
1.76E-05
1.776E-05
1.768E-05
1.768E-05
1.76208E-05
1.76E-05
1.752E-05
1.76E-05
1.76E-05
1.75528E-05
1.752E-05
1.76E-05
1.76E-05
1.752E-05
1.752E-05
1.752E-05
1.744E-05
1.744E-05
1.744E-05
1.744E-05
1.736E-05
1.736E-05
1.728E-05
1.736E-05
1.736E-05
1.736E-05
1.736E-05
1.728E-05
1.72464E-05
1.736E-05
1.744E-05
1.736E-05
1.744E-05
1.752E-05
1.752E-05
1.76E-05
1.752E-05
1.752E-05
1.744E-05
1.752E-05
1.752E-05
1.76E-05
1.752E-05
1.76E-05
1.752E-05
1.752E-05
1.752E-05
1.76E-05
1.744E-05
1.75544E-05
1.744E-05
1.744E-05
1.752E-05
1.744E-05
1.7384E-05
1.728E-05
1.728E-05
1.736E-05
1.736E-05
1.728E-05
1.728E-05
1.7316E-05
1.728E-05
1.736E-05
1.736E-05
1.728E-05
1.728E-05
1.736E-05
1.744E-05
1.744E-05
1.752E-05
1.736E-05
1.752E-05
1.744E-05
1.744E-05
1.744E-05
1.744E-05
1.752E-05
1.736E-05
1.752E-05
1.744E-05
1.744E-05
1.736E-05
1.744E-05
1.736E-05
1.736E-05
1.728E-05
1.728E-05
1.728E-05
1.72E-05
1.712E-05
1.72E-05
1.712E-05
1.712E-05
1.72E-05
1.72E-05
1.712E-05
1.712E-05
1.72E-05
1.728E-05
1.72152E-05
1.72152E-05
1.728E-05
1.728E-05
1.728E-05
1.728E-05
1.728E-05
1.72E-05
1.728E-05
1.728E-05
1.728E-05
1.728E-05
1.728E-05
1.728E-05
1.7284E-05
1.728E-05
1.72E-05
1.728E-05
1.72E-05
1.72E-05
1.7216E-05
1.712E-05
1.712E-05
1.712E-05
1.704E-05
1.712E-05
1.704E-05
1.704E-05
1.704E-05
1.696E-05
1.688E-05
1.704E-05
1.696E-05
1.696E-05
1.696E-05
1.696E-05
1.696E-05
1.704E-05
1.69096E-05
1.696E-05
1.71144E-05
1.704E-05
1.704E-05
1.704E-05
1.72E-05
1.712E-05
1.72E-05
1.72E-05
1.71488E-05
1.712E-05
1.728E-05
1.72E-05
1.728E-05
1.72E-05
1.728E-05
1.728E-05
1.728E-05
1.72E-05
1.72E-05
1.72E-05
1.71152E-05
1.712E-05
1.72176E-05
1.712E-05
1.72E-05
1.72E-05
1.712E-05
1.70472E-05
1.688E-05
1.688E-05
1.68E-05
1.68E-05
1.67744E-05
1.672E-05
1.672E-05
1.68E-05
1.672E-05
1.67064E-05
1.68088E-05
1.688E-05
1.68E-05
1.688E-05
1.688E-05
1.688E-05
1.696E-05
1.696E-05
1.704E-05
1.696E-05
1.696E-05
1.704E-05
1.704E-05
1.704E-05
1.704E-05
1.704E-05
1.704E-05
1.696E-05
1.696E-05
1.696E-05
1.688E-05
1.696E-05
1.688E-05
1.688E-05
1.688E-05
1.688E-05
1.688E-05
1.68E-05
1.68E-05
1.68E-05
1.672E-05
1.672E-05
1.664E-05
1.664E-05
1.66736E-05
1.664E-05
1.68E-05
1.672E-05
1.664E-05
1.664E-05
1.672E-05
1.664E-05
1.664E-05
1.672E-05
1.672E-05
1.68E-05
1.672E-05
1.688E-05
1.688E-05
1.688E-05
1.68448E-05
1.696E-05
1.696E-05
1.696E-05
1.696E-05
1.696E-05
1.688E-05
1.688E-05
1.688E-05
1.688E-05
1.672E-05
1.672E-05
1.67088E-05
1.68E-05
1.672E-05
1.672E-05
1.672E-05
1.672E-05
1.68E-05
1.672E-05
1.664E-05
1.672E-05
1.664E-05
1.664E-05
1.664E-05
1.656E-05
1.656E-05
1.656E-05
1.656E-05
1.656E-05
1.656E-05
1.664E-05
1.664E-05
1.656E-05
1.664E-05
1.664E-05
1.664E-05
1.672E-05
1.672E-05
1.672E-05
1.68E-05
1.68E-05
1.68E-05
1.68E-05
1.672E-05
1.68E-05
1.67784E-05
1.672E-05
1.672E-05
1.664E-05
1.656E-05
1.672E-05
1.664E-05
1.648E-05
1.648E-05
1.648E-05
1.648E-05
1.64376E-05
1.632E-05
1.632E-05
1.624E-05
1.632E-05
1.624E-05
1.62672E-05
1.616E-05
1.624E-05
1.624E-05
1.624E-05
1.632E-05
1.632E-05
1.63016E-05
1.64E-05
1.64E-05
1.65064E-05
1.648E-05
1.664E-05
1.656E-05
1.648E-05
1.664E-05
1.656E-05
1.66432E-05
1.66432E-05
1.656E-05
1.664E-05
1.664E-05
1.656E-05
1.648E-05
1.656E-05
1.648E-05
1.64E-05
1.648E-05
1.664E-05
1.648E-05
1.65072E-05
1.64E-05
1.64E-05
1.64E-05
1.648E-05
1.64E-05
1.632E-05
1.624E-05
1.632E-05
1.624E-05
1.624E-05
1.624E-05
1.632E-05
1.63712E-05
1.64E-05
1.64E-05
1.648E-05
1.64E-05
1.648E-05
1.64E-05
1.64E-05
1.64E-05
1.648E-05
1.656E-05
1.656E-05
1.648E-05
1.648E-05
1.656E-05
1.648E-05
1.648E-05
1.648E-05
1.64E-05
1.64E-05
1.632E-05
1.648E-05
1.6372E-05
1.6372E-05
1.632E-05
1.64E-05
1.64E-05
1.632E-05
1.6304E-05
1.6304E-05
1.616E-05
1.632E-05
1.624E-05
1.624E-05
1.624E-05
1.6236E-05
1.624E-05
1.624E-05
1.632E-05
1.64E-05
1.632E-05
1.64E-05
1.632E-05
1.632E-05
1.632E-05
1.624E-05
1.632E-05
1.624E-05
1.64E-05
1.63048E-05
1.632E-05
1.624E-05
1.64E-05
1.64E-05
1.632E-05
1.64E-05
1.632E-05
1.64E-05
1.632E-05
1.624E-05
1.632E-05
1.624E-05
1.624E-05
1.624E-05
1.616E-05
1.624E-05
1.616E-05
1.616E-05
1.6E-05
1.608E-05
1.6E-05
1.608E-05
1.608E-05
1.608E-05
1.6E-05
1.608E-05
1.608E-05
1.608E-05
1.61352E-05
1.616E-05
1.624E-05
1.616E-05
1.624E-05
1.616E-05
1.624E-05
1.632E-05
1.6272E-05
1.632E-05
1.632E-05
1.632E-05
1.624E-05
1.624E-05
1.624E-05
1.624E-05
1.632E-05
1.616E-05
1.624E-05
1.608E-05
1.6136E-05
1.608E-05
1.6E-05
1.608E-05
1.608E-05
1.608E-05
1.608E-05
1.608E-05
1.61704E-05
1.608E-05
1.616E-05
1.608E-05
1.608E-05
1.616E-05
1.624E-05
1.61024E-05
1.608E-05
1.616E-05
1.624E-05
1.616E-05
1.616E-05
1.624E-05
1.616E-05
1.62392E-05
1.62392E-05
1.624E-05
1.624E-05
1.624E-05
1.632E-05
1.624E-05
1.624E-05
1.624E-05
1.624E-05
1.624E-05
1.624E-05
1.632E-05
1.624E-05
1.624E-05
1.62056E-05
1.616E-05
1.624E-05
1.616E-05
1.616E-05
1.60352E-05
1.608E-05
1.6E-05
1.6E-05
1.6E-05
1.592E-05
1.592E-05
1.592E-05
1.592E-05
1.592E-05
1.6E-05
1.608E-05
1.6E-05
1.6E-05
1.6104E-05
1.608E-05
1.616E-05
1.608E-05
1.608E-05
1.6E-05
1.608E-05
1.608E-05
1.6036E-05
1.6E-05
1.608E-05
1.592E-05
1.6E-05
1.616E-05
1.5968E-05
1.608E-05
1.6E-05
1.608E-05
1.608E-05
1.6E-05
1.608E-05
1.60024E-05
1.6E-05
1.6E-05
1.6E-05
1.6E-05
1.6E-05
1.6E-05
1.59344E-05
1.6E-05
1.592E-05
1.592E-05
1.584E-05
1.584E-05
1.592E-05
1.58664E-05
1.592E-05
1.584E-05
1.592E-05
1.592E-05
1.6E-05
1.6E-05
1.6E-05
1.6E-05
1.60032E-05
1.61056E-05
1.616E-05
1.608E-05
1.6E-05
1.608E-05
1.608E-05
1.6E-05
1.6E-05
1.6E-05
1.592E-05
1.584E-05
1.6E-05
1.58672E-05
1.584E-05
1.584E-05
1.576E-05
1.584E-05
1.584E-05
1.576E-05
1.584E-05
1.584E-05
1.576E-05
1.576E-05
1.576E-05
1.57312E-05
1.568E-05
1.57312E-05
1.568E-05
1.568E-05
1.568E-05
1.576E-05
1.576E-05
1.584E-05
1.576E-05
1.5868E-05
1.584E-05
1.584E-05
1.584E-05
1.584E-05
1.584E-05
1.584E-05
1.584E-05
1.59024E-05
1.584E-05
1.584E-05
1.592E-05
1.592E-05
1.584E-05
1.584E-05
1.58344E-05
1.584E-05
1.568E-05
1.568E-05
1.5664E-05
1.568E-05
1.56E-05
1.56E-05
1.56E-05
1.56E-05
1.552E-05
1.56E-05
1.552E-05
1.552E-05
1.552E-05
1.552E-05
1.552E-05
1.552E-05
1.56E-05
1.56E-05
1.56304E-05
1.568E-05
1.56E-05
1.568E-05
1.568E-05
1.576E-05
1.56E-05
1.568E-05
1.576E-05
1.568E-05
1.584E-05
1.576E-05
1.568E-05
1.576E-05
1.56992E-05
1.56992E-05
1.56992E-05
1.568E-05
1.576E-05
1.576E-05
1.568E-05
1.576E-05
1.56312E-05
1.576E-05
1.56E-05
1.56E-05
1.56E-05
1.56E-05
1.56E-05
1.56E-05
1.552E-05
1.552E-05
1.552E-05
1.552E-05
1.552E-05
1.552E-05
1.55976E-05
1.55976E-05
1.56E-05
1.552E-05
1.552E-05
1.56E-05
1.56E-05
1.552E-05
1.552E-05
1.552E-05
1.544E-05
1.544E-05
1.544E-05
1.552E-05
1.56E-05
1.552E-05
1.5564E-05
1.56E-05
1.552E-05
1.56E-05
1.56E-05
1.56E-05
1.552E-05
1.552E-05
1.552E-05
1.552E-05
1.544E-05
1.544E-05
1.536E-05
1.536E-05
1.536E-05
1.536E-05
1.536E-05
1.544E-05
1.536E-05
1.544E-05
1.536E-05
1.536E-05
1.536E-05
1.536E-05
1.536E-05
1.536E-05
1.536E-05
1.53944E-05
1.53944E-05
1.536E-05
1.544E-05
1.552E-05
1.552E-05
1.56E-05
1.552E-05
1.552E-05
1.55312E-05
1.552E-05
1.544E-05
1.552E-05
1.544E-05
1.544E-05
1.536E-05
1.528E-05
1.536E-05
1.528E-05
1.528E-05
1.51904E-05
1.52E-05
1.512E-05
1.52E-05
1.512E-05
1.512E-05
1.502E-05
1.512E-05
1.51224E-05
1.504E-05
1.504E-05
1.512E-05
1.52E-05
1.52E-05
1.52E-05
1.536E-05
1.536E-05
1.536E-05
1.53616E-05
1.536E-05
1.544E-05
1.544E-05
1.536E-05
1.544E-05
1.552E-05
1.544E-05
1.544E-05
1.552E-05
1.544E-05
1.56E-05
1.56E-05
1.552E-05
1.56E-05
1.552E-05
1.55328E-05
1.55328E-05
1.552E-05
1.544E-05
1.552E-05
1.544E-05
1.536E-05
1.536E-05
1.536E-05
1.52E-05
1.528E-05
1.52E-05
1.5192E-05
1.512E-05
1.512E-05
1.512E-05
1.504E-05
1.504E-05
1.512E-05
1.5124E-05
1.5124E-05
1.512E-05
1.52E-05
1.528E-05
1.52E-05
1.528E-05
1.528E-05
1.536E-05
1.52608E-05
1.536E-05
1.528E-05
1.536E-05
1.536E-05
1.544E-05
1.536E-05
1.536E-05
1.536E-05
1.536E-05
1.528E-05
1.512E-05
1.52E-05
1.512E-05
1.512E-05
1.504E-05
1.512E-05
1.504E-05
1.504E-05
1.504E-05
1.512E-05
1.50568E-05
1.50568E-05
1.512E-05
1.512E-05
1.512E-05
1.512E-05
1.512E-05
1.512E-05
1.512E-05
1.512E-05
1.52E-05
1.512E-05
1.52E-05
1.52E-05
1.52E-05
1.528E-05
1.52E-05
1.5228E-05
1.5228E-05
1.512E-05
1.52E-05
1.512E-05
1.512E-05
1.528E-05
1.528E-05
1.52E-05
1.52E-05
1.52E-05
1.52E-05
1.52E-05
1.512E-05
1.52E-05
1.51944E-05
1.512E-05
1.512E-05
1.496E-05
1.512E-05
1.512E-05
1.504E-05
1.512E-05
1.496E-05
1.512E-05
1.512E-05
1.504E-05
1.512E-05
1.504E-05
1.50584E-05
1.512E-05
1.504E-05
1.496E-05
1.504E-05
1.496E-05
1.504E-05
1.504E-05
1.496E-05
1.52E-05
1.512E-05
1.504E-05
1.504E-05
1.52E-05
1.512E-05
1.512E-05
1.51272E-05
1.528E-05
1.512E-05
1.52E-05
1.512E-05
1.52E-05
1.512E-05
1.49568E-05
1.50592E-05
1.496E-05
1.504E-05
1.488E-05
1.496E-05
1.488E-05
1.496E-05
1.488E-05
1.488E-05
1.488E-05
1.488E-05
1.496E-05
1.496E-05
1.488E-05
1.488E-05
1.488E-05
1.488E-05
1.496E-05
1.496E-05
1.496E-05
1.504E-05
1.496E-05
1.506E-05
1.506E-05
1.512E-05
1.504E-05
1.512E-05
1.504E-05
1.504E-05
1.512E-05
1.504E-05
1.504E-05
1.504E-05
1.504E-05
1.504E-05
1.504E-05
1.512E-05
1.52E-05
1.496E-05
1.50264E-05
1.496E-05
1.496E-05
1.488E-05
1.4856E-05
1.48E-05
1.472E-05
1.472E-05
1.472E-05
1.472E-05
1.48E-05
1.472E-05
1.472E-05
1.4788E-05
1.48904E-05
1.48E-05
1.48E-05
1.488E-05
1.472E-05
1.488E-05
1.472E-05
1.48224E-05
1.472E-05
1.48E-05
1.488E-05
1.48E-05
1.48E-05
1.488E-05
1.47544E-05
1.48568E-05
1.472E-05
1.488E-05
1.488E-05
1.48E-05
1.472E-05
1.47888E-05
1.496E-05
1.488E-05
1.488E-05
1.48E-05
1.48E-05
1.472E-05
1.472E-05
1.47208E-05
1.456E-05
1.456E-05
1.456E-05
1.456E-05
1.44E-05
1.448E-05
1.448E-05
1.456E-05
1.464E-05
1.464E-05
1.472E-05
1.472E-05
1.472E-05
1.472E-05
1.472E-05
1.472E-05
1.472E-05
1.464E-05
1.472E-05
1.472E-05
1.472E-05
1.456E-05
1.464E-05
1.472E-05
1.464E-05
1.464E-05
1.472E-05
1.472E-05
1.472E-05
1.46536E-05
1.464E-05
1.46536E-05
1.456E-05
1.456E-05
1.456E-05
1.456E-05
1.448E-05
1.448E-05
1.448E-05
1.448E-05
1.44E-05
1.44E-05
1.448E-05
1.44E-05
1.44152E-05
1.44E-05
1.44E-05
1.448E-05
1.44E-05
1.448E-05
1.448E-05
1.448E-05
1.456E-05
1.472E-05
1.456E-05
1.448E-05
1.464E-05
1.472E-05
1.464E-05
1.464E-05
1.472E-05
1.464E-05
1.464E-05
1.448E-05
1.448E-05
1.448E-05
1.44E-05
1.4416E-05
1.4416E-05
1.432E-05
1.44E-05
1.432E-05
1.432E-05
1.432E-05
1.42456E-05
1.42456E-05
1.432E-05
1.424E-05
1.44E-05
1.424E-05
1.424E-05
1.424E-05
1.424E-05
1.432E-05
1.424E-05
1.432E-05
1.432E-05
1.432E-05
1.44E-05
1.44E-05
1.43144E-05
1.448E-05
1.44168E-05
1.44168E-05
1.448E-05
1.44E-05
1.448E-05
1.448E-05
1.44E-05
1.448E-05
1.44E-05
1.45536E-05
1.44E-05
1.448E-05
1.44E-05
1.448E-05
1.44E-05
1.43832E-05
1.44E-05
1.432E-05
1.44856E-05
1.432E-05
1.424E-05
1.424E-05
1.432E-05
1.424E-05
1.432E-05
1.424E-05
1.424E-05
1.424E-05
1.416E-05
1.424E-05
1.432E-05
1.44E-05
1.43496E-05
1.432E-05
1.44E-05
1.44E-05
1.44E-05
1.44E-05
1.432E-05
1.448E-05
1.44864E-05
1.456E-05
1.432E-05
1.44E-05
1.448E-05
1.44E-05
1.44E-05
1.44E-05
1.432E-05
1.432E-05
1.448E-05
1.432E-05
1.432E-05
1.424E-05
1.424E-05
1.4248E-05
1.408E-05
1.416E-05
1.408E-05
1.408E-05
1.40776E-05
1.4E-05
1.4E-05
1.408E-05
1.4E-05
1.392E-05
1.408E-05
1.408E-05
1.384E-05
1.40096E-05
1.4112E-05
1.4112E-05
1.408E-05
1.416E-05
1.416E-05
1.408E-05
1.432E-05
1.424E-05
1.432E-05
1.416E-05
1.424E-05
1.424E-05
1.424E-05
1.424E-05
1.416E-05
1.424E-05
1.41808E-05
1.424E-05
1.41808E-05
1.424E-05
1.424E-05
1.416E-05
1.416E-05
1.416E-05
1.41128E-05
1.416E-05
1.4E-05
1.392E-05
1.392E-05
1.4E-05
1.39424E-05
1.392E-05
1.392E-05
1.384E-05
1.4E-05
1.384E-05
1.4E-05
1.392E-05
1.4E-05
1.4E-05
1.40792E-05
1.4E-05
1.408E-05
1.408E-05
1.416E-05
1.416E-05
1.424E-05
1.408E-05
1.416E-05
1.416E-05
1.41136E-05
1.408E-05
1.408E-05
1.424E-05
1.408E-05
1.408E-05
1.408E-05
1.39432E-05
1.392E-05
1.392E-05
1.384E-05
1.384E-05
1.392E-05
1.38752E-05
1.376E-05
1.384E-05
1.384E-05
1.384E-05
1.376E-05
1.384E-05
1.38072E-05
1.384E-05
1.384E-05
1.39096E-05
1.384E-05
1.384E-05
1.384E-05
1.384E-05
1.392E-05
1.376E-05
1.384E-05
1.384E-05
1.384E-05
1.392E-05
1.384E-05
1.392E-05
1.392E-05
1.392E-05
1.392E-05
1.39784E-05
1.4E-05
1.384E-05
1.392E-05
1.384E-05
1.392E-05
1.384E-05
1.3808E-05
1.384E-05
1.384E-05
1.384E-05
1.384E-05
1.384E-05
1.376E-05
1.384E-05
1.374E-05
1.374E-05
1.36E-05
1.368E-05
1.36E-05
1.36E-05
1.368E-05
1.36E-05
1.36E-05
1.36E-05
1.36E-05
1.368E-05
1.368E-05
1.376E-05
1.368E-05
1.368E-05
1.376E-05
1.376E-05
1.376E-05
1.376E-05
1.376E-05
1.376E-05
1.376E-05
1.384E-05
1.368E-05
1.376E-05
1.384E-05
1.384E-05
1.368E-05
1.384E-05
1.376E-05
1.376E-05
1.376E-05
1.36728E-05
1.368E-05
1.36E-05
1.36E-05
1.36E-05
1.36E-05
1.35024E-05
1.35024E-05
1.352E-05
1.352E-05
1.352E-05
1.352E-05
1.344E-05
1.352E-05
1.352E-05
1.35368E-05
1.352E-05
1.352E-05
1.352E-05
1.36E-05
1.36E-05
1.36E-05
1.368E-05
1.36E-05
1.352E-05
1.352E-05
1.352E-05
1.36736E-05
1.36E-05
1.36E-05
1.36E-05
1.36E-05
1.36E-05
1.36056E-05
1.368E-05
1.36E-05
1.36E-05
1.36E-05
1.36E-05
1.36E-05
1.35376E-05
1.352E-05
1.36E-05
1.352E-05
1.352E-05
1.352E-05
1.352E-05
1.344E-05
1.352E-05
1.34696E-05
1.344E-05
1.344E-05
1.352E-05
1.352E-05
1.352E-05
1.352E-05
1.352E-05
1.3504E-05
1.352E-05
1.344E-05
1.352E-05
1.352E-05
1.36E-05
1.352E-05
1.352E-05
1.344E-05
1.344E-05
1.3436E-05
1.344E-05
1.344E-05
1.352E-05
1.344E-05
1.36E-05
1.344E-05
1.36E-05
1.35728E-05
1.35728E-05
1.352E-05
1.36E-05
1.344E-05
1.344E-05
1.344E-05
1.336E-05
1.336E-05
1.336E-05
1.328E-05
1.328E-05
1.32E-05
1.328E-05
1.328E-05
1.3232E-05
1.328E-05
1.33344E-05
1.328E-05
1.336E-05
1.336E-05
1.336E-05
1.336E-05
1.344E-05
1.336E-05
1.34712E-05
1.344E-05
1.344E-05
1.344E-05
1.352E-05
1.336E-05
1.344E-05
1.336E-05
1.33008E-05
1.344E-05
1.34032E-05
1.344E-05
1.344E-05
1.336E-05
1.344E-05
1.336E-05
1.328E-05
1.33352E-05
1.32E-05
1.328E-05
1.312E-05
1.312E-05
1.30624E-05
1.312E-05
1.304E-05
1.304E-05
1.296E-05
1.312E-05
1.304E-05
1.304E-05
1.304E-05
1.304E-05
1.312E-05
1.30968E-05
1.31992E-05
1.32E-05
1.32E-05
1.32E-05
1.328E-05
1.328E-05
1.336E-05
1.336E-05
1.328E-05
1.344E-05
1.34384E-05
1.336E-05
1.336E-05
1.336E-05
1.336E-05
1.336E-05
1.336E-05
1.328E-05
1.328E-05
1.32E-05
1.328E-05
1.328E-05
1.32E-05
1.312E-05
1.30976E-05
1.312E-05
1.304E-05
1.296E-05
1.312E-05
1.304E-05
1.296E-05
1.304E-05
1.29272E-05
1.296E-05
1.304E-05
1.304E-05
1.304E-05
1.304E-05
1.296E-05
1.296E-05
1.296E-05
1.296E-05
1.312E-05
1.312E-05
1.31664E-05
1.32E-05
1.32E-05
1.32E-05
1.32E-05
1.32E-05
1.312E-05
1.312E-05
1.32E-05
1.32E-05
1.32E-05
1.312E-05
1.32E-05
1.312E-05
1.32E-05
1.31328E-05
1.312E-05
1.312E-05
1.304E-05
1.296E-05
1.296E-05
1.296E-05
1.29624E-05
1.296E-05
1.288E-05
1.288E-05
1.288E-05
1.288E-05
1.296E-05
1.296E-05
1.296E-05
1.296E-05
1.28944E-05
1.304E-05
1.312E-05
1.312E-05
1.304E-05
1.312E-05
1.312E-05
1.312E-05
1.312E-05
1.304E-05
1.312E-05
1.296E-05
1.312E-05
1.304E-05
1.312E-05
1.304E-05
1.296E-05
1.29632E-05
1.296E-05
1.288E-05
1.288E-05
1.28E-05
1.28E-05
1.28E-05
1.26904E-05
1.26904E-05
1.272E-05
1.264E-05
1.272E-05
1.272E-05
1.272E-05
1.272E-05
1.272E-05
1.28E-05
1.28E-05
1.28E-05
1.288E-05
1.272E-05
1.28E-05
1.28E-05
1.28E-05
1.272E-05
1.288E-05
1.28E-05
1.28616E-05
1.288E-05
1.288E-05
1.288E-05
1.288E-05
1.288E-05
1.296E-05
1.296E-05
1.296E-05
1.2896E-05
1.296E-05
1.288E-05
1.288E-05
1.272E-05
1.272E-05
1.272E-05
1.28E-05
1.272E-05
1.272E-05
1.272E-05
1.272E-05
1.264E-05
1.272E-05
1.256E-05
1.26576E-05
1.272E-05
1.256E-05
1.256E-05
1.264E-05
1.264E-05
1.264E-05
1.256E-05
1.264E-05
1.2692E-05
1.272E-05
1.27944E-05
1.28E-05
1.28E-05
1.272E-05
1.272E-05
1.28E-05
1.272E-05
1.272E-05
1.2624E-05
1.264E-05
1.28E-05
1.264E-05
1.272E-05
1.264E-05
1.256E-05
1.256E-05
1.256E-05
1.256E-05
1.248E-05
1.256E-05
1.248E-05
1.248E-05
1.248E-05
1.248E-05
1.2488E-05
1.248E-05
1.248E-05
1.24E-05
1.248E-05
1.248E-05
1.256E-05
1.248E-05
1.248E-05
1.248E-05
1.248E-05
1.248E-05
1.256E-05
1.256E-05
1.264E-05
1.272E-05
1.264E-05
1.28E-05
1.264E-05
1.264E-05
1.272E-05
1.272E-05
1.264E-05
1.264E-05
1.256E-05
1.264E-05
1.256E-05
1.256E-05
1.24E-05
1.24888E-05
1.256E-05
1.24E-05
1.24E-05
1.232E-05
1.24E-05
1.232E-05
1.232E-05
1.232E-05
1.232E-05
1.232E-05
1.24E-05
1.232E-05
1.232E-05
1.232E-05
1.232E-05
1.216E-05
1.224E-05
1.232E-05
1.232E-05
1.232E-05
1.232E-05
1.24E-05
1.24E-05
1.248E-05
1.248E-05
1.256E-05
1.256E-05
1.248E-05
1.2592E-05
1.256E-05
1.248E-05
1.248E-05
1.248E-05
1.248E-05
1.24E-05
1.248E-05
1.248E-05
1.248E-05
1.24E-05
1.248E-05
1.248E-05
1.232E-05
1.232E-05
1.22512E-05
1.232E-05
1.224E-05
1.224E-05
1.224E-05
1.216E-05
1.224E-05
1.224E-05
1.216E-05
1.22856E-05
1.216E-05
1.224E-05
1.216E-05
1.232E-05
1.232E-05
1.232E-05
1.232E-05
1.24E-05
1.24E-05
1.248E-05
1.232E-05
1.248E-05
1.248E-05
1.248E-05
1.232E-05
1.232E-05
1.232E-05
1.232E-05
1.232E-05
1.232E-05
1.224E-05
1.224E-05
1.224E-05
1.232E-05
1.224E-05
1.224E-05
1.2184E-05
1.2184E-05
1.216E-05
1.208E-05
1.208E-05
1.208E-05
1.216E-05
1.208E-05
1.216E-05
1.2E-05
1.2116E-05
1.208E-05
1.2E-05
1.208E-05
1.208E-05
1.208E-05
1.2E-05
1.208E-05
1.208E-05
1.216E-05
1.208E-05
1.224E-05
1.208E-05
1.224E-05
1.224E-05
1.216E-05
1.216E-05
1.216E-05
1.208E-05
1.208E-05
1.208E-05
1.2E-05
1.2E-05
1.192E-05
1.208E-05
1.2E-05
1.20144E-05
1.20144E-05
1.2E-05
1.2E-05
1.192E-05
1.184E-05
1.192E-05
1.184E-05
1.184E-05
1.1844E-05
1.19464E-05
1.192E-05
1.184E-05
1.192E-05
1.184E-05
1.2E-05
1.192E-05
1.192E-05
1.192E-05
1.19808E-05
1.192E-05
1.2E-05
1.20832E-05
1.208E-05
1.208E-05
1.208E-05
1.216E-05
1.208E-05
1.2E-05
1.20152E-05
1.20152E-05
1.2E-05
1.192E-05
1.192E-05
1.184E-05
1.192E-05
1.184E-05
1.18448E-05
1.18448E-05
1.184E-05
1.192E-05
1.176E-05
1.184E-05
1.184E-05
1.184E-05
1.17768E-05
1.184E-05
1.184E-05
1.176E-05
1.168E-05
1.168E-05
1.168E-05
1.168E-05
1.168E-05
1.168E-05
1.176E-05
1.176E-05
1.184E-05
1.18112E-05
1.19136E-05
1.184E-05
1.2E-05
1.192E-05
1.2E-05
1.192E-05
1.192E-05
1.2E-05
1.208E-05
1.208E-05
1.2E-05
1.2E-05
1.2E-05
1.2E-05
1.192E-05
1.192E-05
1.184E-05
1.188E-05
1.184E-05
1.176E-05
1.168E-05
1.168E-05
1.168E-05
1.168E-05
1.168E-05
1.168E-05
1.168E-05
1.168E-05
1.16E-05
1.168E-05
1.16E-05
1.16E-05
1.16E-05
1.16E-05
1.168E-05
1.168E-05
1.1744E-05
1.176E-05
1.176E-05
1.176E-05
1.176E-05
1.176E-05
1.176E-05
1.176E-05
1.176E-05
1.184E-05
1.1676E-05
1.168E-05
1.17784E-05
1.168E-05
1.176E-05
1.176E-05
1.168E-05
1.168E-05
1.168E-05
1.168E-05
1.17104E-05
1.168E-05
1.168E-05
1.168E-05
1.16E-05
1.168E-05
1.168E-05
1.168E-05
1.16E-05
1.152E-05
1.152E-05
1.152E-05
1.152E-05
1.152E-05
1.16E-05
1.16E-05
1.16E-05
1.152E-05
1.168E-05
1.152E-05
1.144E-05
1.152E-05
1.152E-05
1.152E-05
1.144E-05
1.16E-05
1.152E-05
1.16E-05
1.16E-05
1.152E-05
1.152E-05
1.152E-05
1.16E-05
1.168E-05
1.152E-05
1.152E-05
1.16E-05
1.152E-05
1.16E-05
1.16E-05
1.16E-05
1.152E-05
1.152E-05
1.144E-05
1.144E-05
1.152E-05
1.144E-05
1.144E-05
1.144E-05
1.144E-05
1.128E-05
1.128E-05
1.128E-05
1.128E-05
1.12E-05
1.12E-05
1.13024E-05
1.128E-05
1.136E-05
1.144E-05
1.136E-05
1.144E-05
1.136E-05
1.136E-05
1.144E-05
1.144E-05
1.152E-05
1.14392E-05
1.144E-05
1.152E-05
1.152E-05
1.144E-05
1.144E-05
1.144E-05
1.144E-05
1.144E-05
1.144E-05
1.144E-05
1.144E-05
1.136E-05
1.136E-05
1.128E-05
1.128E-05
1.12E-05
1.12008E-05
1.12E-05
1.13032E-05
1.112E-05
1.128E-05
1.12E-05
1.112E-05
1.12E-05
1.11328E-05
1.12E-05
1.11328E-05
1.12E-05
1.128E-05
1.12E-05
1.136E-05
1.136E-05
1.136E-05
1.128E-05
1.136E-05
1.136E-05
1.144E-05
1.128E-05
1.136E-05
1.1372E-05
1.128E-05
1.136E-05
1.128E-05
1.12E-05
1.136E-05
1.136E-05
1.128E-05
1.136E-05
1.12E-05
1.136E-05
1.128E-05
1.128E-05
1.12E-05
1.128E-05
1.12E-05
1.12E-05
1.112E-05
1.11336E-05
1.12E-05
1.104E-05
1.104E-05
1.104E-05
1.104E-05
1.09632E-05
1.104E-05
1.104E-05
1.096E-05
1.096E-05
1.104E-05
1.112E-05
1.112E-05
1.112E-05
1.12E-05
1.12E-05
1.12E-05
1.12E-05
1.128E-05
1.136E-05
1.12E-05
1.12E-05
1.13048E-05
1.12E-05
1.12E-05
1.12E-05
1.12E-05
1.112E-05
1.112E-05
1.11344E-05
1.096E-05
1.112E-05
1.104E-05
1.096E-05
1.096E-05
1.096E-05
1.096E-05
1.0964E-05
1.088E-05
1.104E-05
1.096E-05
1.096E-05
1.096E-05
1.104E-05
1.096E-05
1.104E-05
1.112E-05
1.104E-05
1.09984E-05
1.11008E-05
1.104E-05
1.11008E-05
1.104E-05
1.104E-05
1.096E-05
1.104E-05
1.096E-05
1.096E-05
1.096E-05
1.09304E-05
1.096E-05
1.096E-05
1.104E-05
1.104E-05
1.096E-05
1.104E-05
1.104E-05
1.112E-05
1.096E-05
1.112E-05
1.096E-05
1.10672E-05
1.104E-05
1.096E-05
1.096E-05
1.096E-05
1.096E-05
1.096E-05
1.096E-05
1.08968E-05
1.088E-05
1.096E-05
1.096E-05
1.088E-05
1.096E-05
1.096E-05
1.096E-05
1.096E-05
1.088E-05
1.096E-05
1.088E-05
1.088E-05
1.088E-05
1.096E-05
1.096E-05
1.096E-05
1.088E-05
1.096E-05
1.096E-05
1.08E-05
1.08E-05
1.088E-05
1.08E-05
1.08E-05
1.088E-05
1.08E-05
1.08E-05
1.08E-05
1.08E-05
1.06928E-05
1.072E-05
1.064E-05
1.064E-05
1.072E-05
1.064E-05
1.056E-05
1.064E-05
1.064E-05
1.056E-05
1.064E-05
1.064E-05
1.072E-05
1.056E-05
1.064E-05
1.064E-05
1.064E-05
1.072E-05
1.064E-05
1.064E-05
1.064E-05
1.06592E-05
1.06592E-05
1.064E-05
1.08E-05
1.072E-05
1.072E-05
1.08E-05
1.08E-05
1.072E-05
1.08E-05
1.064E-05
1.072E-05
1.0796E-05
1.072E-05
1.072E-05
1.064E-05
1.064E-05
1.064E-05
1.064E-05
1.064E-05
1.06256E-05
1.05232E-05
1.056E-05
1.056E-05
1.056E-05
1.056E-05
1.056E-05
1.048E-05
1.04552E-05
1.056E-05
1.04552E-05
1.056E-05
1.048E-05
1.056E-05
1.056E-05
1.048E-05
1.056E-05
1.064E-05
1.064E-05
1.064E-05
1.064E-05
1.064E-05
1.064E-05
1.064E-05
1.064E-05
1.064E-05
1.056E-05
1.064E-05
1.064E-05
1.064E-05
1.064E-05
1.056E-05
1.064E-05
1.06264E-05
1.056E-05
1.056E-05
1.064E-05
1.056E-05
1.072E-05
1.08E-05
1.056E-05
1.056E-05
1.056E-05
1.0456E-05
1.056E-05
1.048E-05
1.04E-05
1.04E-05
1.048E-05
1.04E-05
1.056E-05
1.048E-05
1.048E-05
1.04904E-05
1.04904E-05
1.048E-05
1.056E-05
1.048E-05
1.048E-05
1.04E-05
1.04E-05
1.04E-05
1.048E-05
1.04E-05
1.048E-05
1.048E-05
1.032E-05
1.04E-05
1.032E-05
1.04E-05
1.032E-05
1.032E-05
1.032E-05
1.032E-05
1.0252E-05
1.032E-05
1.03544E-05
1.032E-05
1.032E-05
1.032E-05
1.032E-05
1.032E-05
1.024E-05
1.024E-05
1.024E-05
1.024E-05
1.02864E-05
1.024E-05
1.032E-05
1.032E-05
1.032E-05
1.032E-05
1.024E-05
1.04E-05
1.04E-05
1.048E-05
1.048E-05
1.048E-05
1.04232E-05
1.048E-05
1.048E-05
1.04E-05
1.04E-05
1.048E-05
1.048E-05
1.04E-05
1.04E-05
1.04E-05
1.04E-05
1.04E-05
1.032E-05
1.032E-05
1.024E-05
1.032E-05
1.008E-05
1.008E-05
1.00824E-05
1.008E-05
1E-05
1E-05
1E-05
9.92E-06
9.840001E-06
1E-05
1.008E-05
1.00144E-05
1.01168E-05
1.00144E-05
1.016E-05
1.02192E-05
1.02192E-05
1.024E-05
1.024E-05
1.0424E-05
1.032E-05
1.04E-05
1.032E-05
1.032E-05
1.016E-05
1.032E-05
1.032E-05
1.016E-05
1.016E-05
1.008E-05
1.024E-05
1.024E-05
1.008E-05
1.016E-05
1.016E-05
1.008E-05
1.008E-05
1.008E-05
1.008E-05
1E-05
1E-05
1E-05
1.008E-05
1.008E-05
1E-05
1.008E-05
1.01176E-05
1.01176E-05
1.01176E-05
1.016E-05
1.016E-05
1.016E-05
1.024E-05
1.016E-05
1.016E-05
1.016E-05
1.024E-05
1.024E-05
1.008E-05
1.024E-05
1.024E-05
1.016E-05
1.024E-05
1.016E-05
1.032E-05
1.024E-05
1.024E-05
1.016E-05
1.024E-05
1.016E-05
1.008E-05
1.008E-05
1.008E-05
1.008E-05
1.008E-05
1.008E-05
9.92E-06
1E-05
1E-05
9.92E-06
1E-05
9.840001E-06
1E-05
9.840001E-06
9.92E-06
1E-05
1E-05
1E-05
1.008E-05
1E-05
1.008E-05
1.008E-05
1.008E-05
1.008E-05
1.024E-05
1.024E-05
1.01528E-05
1.016E-05
1.008E-05
1.016E-05
1.016E-05
1.008E-05
1.008E-05
1E-05
1.008E-05
9.92E-06
1E-05
1E-05
1.008E-05
1E-05
9.92E-06
9.92E-06
9.92E-06
9.812E-06
9.914401E-06
9.840001E-06
9.92E-06
9.68E-06
9.840001E-06
9.92E-06
9.76E-06
9.840001E-06
9.840001E-06
9.68E-06
9.68E-06
9.8464E-06
9.8464E-06
9.840001E-06
9.92E-06
9.76E-06
9.840001E-06
9.92E-06
9.92E-06
9.92E-06
9.840001E-06
9.840001E-06
9.840001E-06
9.840001E-06
9.840001E-06
9.840001E-06
9.68E-06
9.840001E-06
9.840001E-06
9.76E-06
9.840001E-06
9.840001E-06
9.840001E-06
9.76E-06
9.8128E-06
9.76E-06
9.68E-06
9.68E-06
9.68E-06
9.68E-06
9.68E-06
9.68E-06
9.68E-06
9.6E-06
9.6424E-06
9.68E-06
9.6E-06
9.68E-06
9.68E-06
9.52E-06
9.68E-06
9.76E-06
9.68E-06
9.840001E-06
9.676801E-06
9.76E-06
9.7792E-06
9.76E-06
9.840001E-06
9.840001E-06
9.76E-06
9.840001E-06
9.76E-06
9.840001E-06
9.76E-06
9.76E-06
9.76E-06
9.76E-06
9.711201E-06
9.76E-06
9.68E-06
9.76E-06
9.68E-06
9.840001E-06
9.92E-06
9.76E-06
9.840001E-06
9.76E-06
9.76E-06
9.68E-06
9.68E-06
9.68E-06
9.6E-06
9.6E-06
9.6E-06
9.52E-06
9.6E-06
9.52E-06
9.52E-06
9.52E-06
9.52E-06
9.52E-06
9.52E-06
9.52E-06
9.6E-06
9.6E-06
9.6E-06
9.68E-06
9.68E-06
9.68E-06
9.6E-06
9.68E-06
9.68E-06
9.68E-06
9.76E-06
9.68E-06
9.68E-06
9.68E-06
9.68E-06
9.6E-06
9.52E-06
9.52E-06
9.439201E-06
9.439201E-06
9.36E-06
9.44E-06
9.44E-06
9.36E-06
9.36E-06
9.36E-06
9.28E-06
9.36E-06
9.28E-06
9.3712E-06
9.36E-06
9.3712E-06
9.36E-06
9.44E-06
9.44E-06
9.44E-06
9.6E-06
9.52E-06
9.52E-06
9.6E-06
9.6E-06
9.52E-06
9.6E-06
9.52E-06
9.68E-06
9.6E-06
9.6E-06
9.52E-06
9.6E-06
9.52E-06
9.6E-06
9.52E-06
9.44E-06
9.6E-06
9.52E-06
9.44E-06
9.52E-06
9.5424E-06
9.44E-06
9.36E-06
9.44E-06
9.28E-06
9.28E-06
9.2696E-06
9.28E-06
9.28E-06
9.2E-06
9.2E-06
9.2E-06
9.28E-06
9.28E-06
9.28E-06
9.36E-06
9.28E-06
9.36E-06
9.28E-06
9.36E-06
9.44E-06
9.406401E-06
9.36E-06
9.44E-06
9.36E-06
9.36E-06
9.36E-06
9.36E-06
9.36E-06
9.36E-06
9.44E-06
9.44E-06
9.3384E-06
9.36E-06
9.440801E-06
9.44E-06
9.36E-06
9.28E-06
9.28E-06
9.28E-06
9.2E-06
9.120001E-06
9.168E-06
9.168E-06
9.120001E-06
9.120001E-06
9.2E-06
9.2E-06
9.28E-06
9.2E-06
9.28E-06
9.2E-06
9.2E-06
9.28E-06
9.2E-06
9.28E-06
9.28E-06
9.2024E-06
9.36E-06
9.36E-06
9.4072E-06
9.36E-06
9.36E-06
9.36E-06
9.44E-06
9.36E-06
9.36E-06
9.44E-06
9.36E-06
9.28E-06
9.28E-06
9.2368E-06
9.2E-06
9.2E-06
9.2E-06
9.28E-06
9.120001E-06
9.2E-06
9.2E-06
9.2E-06
9.168801E-06
9.04E-06
9.120001E-06
9.04E-06
9.04E-06
8.96E-06
8.96E-06
8.96E-06
9.04E-06
8.96E-06
9.04E-06
9.120001E-06
9.120001E-06
9.2E-06
9.1008E-06
9.2E-06
9.2E-06
9.2E-06
9.2E-06
9.28E-06
9.28E-06
9.2E-06
9.2E-06
9.28E-06
9.2E-06
9.28E-06
9.2E-06
9.28E-06
9.2376E-06
9.2E-06
9.120001E-06
9.120001E-06
9.04E-06
9.04E-06
9.04E-06
8.9648E-06
8.96E-06
8.88E-06
8.96E-06
8.96E-06
8.96E-06
9.04E-06
8.96E-06
8.96E-06
8.88E-06
8.88E-06